SData | S:0 | L:893
Hdata | Size:893 | PID: 3e8(C2UF::REQ_LOGIN)
Flags | Normal:1 | Ping:0 | Encrypted:1 | Compressed:0 |
69 03 00 00 e8 03 00 4a 01 01 00 00 00 00 00 00 00 00 00 00 
00 00 00 00 00 00 00 00 00 00 00 00 00 00 00 00 00 00 00 00 
00 00 00 00 00 00 00 00 00 00 00 00 00 00 00 00 00 00 00 00 
00 00 00 00 00 00 00 00 00 00 00 00 00 00 00 00 00 00 00 00 
00 00 00 00 00 00 00 00 00 00 00 00 00 00 00 00 00 00 00 00 
00 00 00 00 00 00 00 00 00 00 00 00 00 00 00 00 00 00 00 00 
00 00 00 00 00 00 00 00 00 00 00 00 00 00 00 00 00 00 00 00 
00 00 00 00 00 00 00 00 00 00 00 00 00 00 00 00 00 00 00 00 
00 00 00 00 00 00 00 00 00 00 00 00 00 00 00 00 00 00 00 00 
00 00 00 00 00 00 00 00 00 00 00 00 00 00 00 00 00 00 00 00 
00 00 00 00 00 00 00 00 00 00 00 00 00 00 00 00 00 00 00 00 
00 00 00 00 00 00 00 00 00 00 00 00 00 00 00 00 00 00 00 00 
00 00 00 00 00 00 00 00 00 00 00 00 00 00 00 00 00 00 00 00 
00 00 00 00 00 00 00 00 00 00 00 00 00 00 00 00 00 00 00 00 
00 00 00 00 00 00 00 00 00 00 00 00 00 00 00 00 00 00 00 00 
00 00 00 00 00 00 00 00 00 00 00 00 00 07 00 00 00 de 6a 69 
e0 2b 89 b9 2d ee 00 48 91 3a d8 00 00 01 00 00 00 00 00 00 
00 10 02 01 00 ea f5 05 0c 01 00 10 01 28 00 00 00 14 00 00 
00 8a bf 0a 1c 46 87 46 a2 ea f5 05 0c 01 00 10 01 e3 0c 4e 
58 18 00 00 00 01 00 00 00 02 00 00 00 a3 81 0b c1 00 00 00 
00 92 f1 d8 01 27 00 00 00 b2 00 00 00 32 00 00 00 04 00 00 
00 ea f5 05 0c 01 00 10 01 20 b4 03 00 a3 81 0b c1 08 00 00 
0a 00 00 00 00 b5 df 4b 58 35 8f 67 58 01 00 ad 53 00 00 00 
00 00 00 7c d3 d7 0a d3 b3 cb 65 07 35 7c de 7f 67 f7 1b b2 
c6 d4 4f 45 d6 fe d2 e1 46 60 7e 86 d4 64 58 ac 20 85 3c 69 
a6 ba 7f 3c df 02 88 04 e3 44 03 21 53 07 4d 9a 77 a9 d4 40 
5b 5f e5 d3 b1 e0 d1 fb 21 62 01 eb c4 f7 af 43 37 6c 18 ee 
86 0f 7b 86 8f 6b 8f fd f6 15 65 fe cb 2b 90 6b 14 02 e5 cb 
e9 2c f2 43 ef 8f 2f 37 eb 2d 21 79 ed 9d a7 f5 9e e6 fc 8b 
70 bf f8 98 30 3d d9 a9 7e ce 61 00 00 00 00 00 00 00 00 00 
00 00 00 00 00 00 00 00 00 00 00 00 00 00 01 00 00 00 00 29 
6e 00 07 c8 d6 6e 4b 1d 40 01 a2 3b 31 17 01 00 10 01 34 00 
00 00 28 03 00 00 24 02 00 ff ff ff ff ff ff ff ff ff ff ff 
ff ff ff ff ff ef ea f5 05 0c 01 00 10 01 76 29 6e 00 07 c8 
d6 6e 4b 1d 40 01 a2 3b 31 17 01 00 10 01 a5 00 00 00 fe 02 
00 80 0e 00 00 00 09 ea f5 05 0c 01 00 10 01 10 f6 d2 b8 03 
08 df 06 12 89 01 09 a2 3b 31 17 01 00 10 01 10 01 18 a0 e8 
0e 20 a8 b2 85 b6 03 28 84 9d 01 30 00 38 01 40 01 7a 0d 73 
74 79 6c 65 72 73 72 65 62 6f 72 6e a0 01 84 9d 01 c9 01 07 
c8 d6 6e 4b 1d 40 01 fa 01 14 00 00 00 00 00 00 00 00 00 00 
00 00 00 00 00 00 00 00 00 00 e8 02 de 81 b8 c2 05 f0 02 85 
9b b8 c2 05 ba 03 17 47 75 6e 5a 20 32 3a 20 54 68 65 20 53 
65 63 6f 6e 64 20 44 75 65 6c c1 03 20 b4 03 00 00 00 00 00 
e2 03 00 00 00 00 00 00 00 ea 00 00 00

i......J......................................................................................................................................................................................................................................................................................................................ji.+..-..H.:.......................(...........F.F...........NX........................'.......2.................................KX5.gX...S......|......e.5|..g.....OE....F`~..dX...<i...<.....D.!S.M.w..@[_......!b.....C7l....{..k....e..+.k.....,.C../7.-!y........p...0=..~.a............................)n....nK.@..;1.....4...(...$...........................v)n....nK.@..;1.......................................;1.................(...0.8.@.z.stylersreborn..........nK.@.........................................GunZ.2:.The.Second.Duel.......................


SData | S:0 | L:893
Hdata | Size:893 | PID: 3e8(C2UF::REQ_LOGIN)
Flags | Normal:1 | Ping:0 | Encrypted:1 | Compressed:0 |
69 03 00 00 e8 03 00 4a 01 01 00 00 00 00 00 00 00 00 00 00 
00 00 00 00 00 00 00 00 00 00 00 00 00 00 00 00 00 00 00 00 
00 00 00 00 00 00 00 00 00 00 00 00 00 00 00 00 00 00 00 00 
00 00 00 00 00 00 00 00 00 00 00 00 00 00 00 00 00 00 00 00 
00 00 00 00 00 00 00 00 00 00 00 00 00 00 00 00 00 00 00 00 
00 00 00 00 00 00 00 00 00 00 00 00 00 00 00 00 00 00 00 00 
00 00 00 00 00 00 00 00 00 00 00 00 00 00 00 00 00 00 00 00 
00 00 00 00 00 00 00 00 00 00 00 00 00 00 00 00 00 00 00 00 
00 00 00 00 00 00 00 00 00 00 00 00 00 00 00 00 00 00 00 00 
00 00 00 00 00 00 00 00 00 00 00 00 00 00 00 00 00 00 00 00 
00 00 00 00 00 00 00 00 00 00 00 00 00 00 00 00 00 00 00 00 
00 00 00 00 00 00 00 00 00 00 00 00 00 00 00 00 00 00 00 00 
00 00 00 00 00 00 00 00 00 00 00 00 00 00 00 00 00 00 00 00 
00 00 00 00 00 00 00 00 00 00 00 00 00 00 00 00 00 00 00 00 
00 00 00 00 00 00 00 00 00 00 00 00 00 00 00 00 00 00 00 00 
00 00 00 00 00 00 00 00 00 00 00 00 00 07 00 00 00 de 6a 69 
e0 2b 89 b9 2d ee 00 10 e8 3a d8 00 00 01 00 00 00 00 00 00 
00 10 02 01 00 ea f5 05 0c 01 00 10 01 53 00 00 00 14 00 00 
00 e6 94 db 02 ca a3 1a b1 ea f5 05 0c 01 00 10 01 39 57 4e 
58 18 00 00 00 01 00 00 00 02 00 00 00 a3 81 0b c1 00 00 00 
00 12 f5 5d 04 52 00 00 00 b2 00 00 00 32 00 00 00 04 00 00 
00 ea f5 05 0c 01 00 10 01 20 b4 03 00 a3 81 0b c1 08 00 00 
0a 00 00 00 00 b5 df 4b 58 35 8f 67 58 01 00 ad 53 00 00 00 
00 00 00 7c d3 d7 0a d3 b3 cb 65 07 35 7c de 7f 67 f7 1b b2 
c6 d4 4f 45 d6 fe d2 e1 46 60 7e 86 d4 64 58 ac 20 85 3c 69 
a6 ba 7f 3c df 02 88 04 e3 44 03 21 53 07 4d 9a 77 a9 d4 40 
5b 5f e5 d3 b1 e0 d1 fb 21 62 01 eb c4 f7 af 43 37 6c 18 ee 
86 0f 7b 86 8f 6b 8f fd f6 15 65 fe cb 2b 90 6b 14 02 e5 cb 
e9 2c f2 43 ef 8f 2f 37 eb 2d 21 79 ed 9d a7 f5 9e e6 fc 8b 
70 bf f8 98 30 3d d9 a9 7e ce 61 00 00 00 00 00 00 00 00 00 
00 00 00 00 00 00 00 00 00 00 00 00 00 00 01 00 00 00 00 36 
33 33 34 2c 32 32 36 33 33 35 2c 32 32 36 33 33 36 2c 32 32 
36 33 33 37 2c 32 32 36 33 33 38 2c 32 36 32 33 35 30 2c 32 
36 32 33 35 31 2c 32 36 32 33 35 32 2c 32 36 35 32 39 30 2c 
32 36 35 32 39 31 2c 32 36 35 32 39 32 2c 32 36 35 32 39 33 
2c 32 36 35 35 32 30 2c 33 30 36 33 31 30 2c 33 32 30 32 30 
30 2c 33 32 31 37 34 30 2c 33 32 38 37 30 30 2c 33 33 39 34 
39 30 2c 33 34 37 31 38 30 2c 33 34 37 31 38 31 2c 33 34 37 
31 38 32 2c 33 34 37 31 38 33 2c 34 30 35 35 31 30 2c 34 30 
35 35 31 31 2c 34 30 35 35 31 32 2c 34 30 35 35 31 33 2c 34 
30 35 35 31 34 2c 34 30 35 35 31 35 2c 34 33 39 39 39 30 2c 
34 33 39 39 39 31 2c 34 33 39 39 39 32 2c 34 33 39 39 39 33 
2c 34 33 39 39 39 34 2c 34 33 39 39 39 35 00 08 08 01 00 00 
00 00 00 00 00 00 00 00 00 ea 00 00 00

i......J......................................................................................................................................................................................................................................................................................................................ji.+..-....:.......................S.......................9WNX......................].R.......2.................................KX5.gX...S......|......e.5|..g.....OE....F`~..dX...<i...<.....D.!S.M.w..@[_......!b.....C7l....{..k....e..+.k.....,.C../7.-!y........p...0=..~.a............................6334,226335,226336,226337,226338,262350,262351,262352,265290,265291,265292,265293,265520,306310,320200,321740,328700,339490,347180,347181,347182,347183,405510,405511,405512,405513,405514,405515,439990,439991,439992,439993,439994,439995...................


SData | S:0 | L:893
Hdata | Size:893 | PID: 3e8(C2UF::REQ_LOGIN)
110110101111110110010101001
Flags | Normal:1 | Ping:0 | Encrypted:1 | Compressed:0 |
69 03 00 00 e8 03 00 4a 01 01 00 00 00 00 00 00 00 00 00 00 
00 00 00 00 00 00 00 00 00 00 00 00 00 00 00 00 00 00 00 00 
00 00 00 00 00 00 00 00 00 00 00 00 00 00 00 00 00 00 00 00 
00 00 00 00 00 00 00 00 00 00 00 00 00 00 00 00 00 00 00 00 
00 00 00 00 00 00 00 00 00 00 00 00 00 00 00 00 00 00 00 00 
00 00 00 00 00 00 00 00 00 00 00 00 00 00 00 00 00 00 00 00 
00 00 00 00 00 00 00 00 00 00 00 00 00 00 00 00 00 00 00 00 
00 00 00 00 00 00 00 00 00 00 00 00 00 00 00 00 00 00 00 00 
00 00 00 00 00 00 00 00 00 00 00 00 00 00 00 00 00 00 00 00 
00 00 00 00 00 00 00 00 00 00 00 00 00 00 00 00 00 00 00 00 
00 00 00 00 00 00 00 00 00 00 00 00 00 00 00 00 00 00 00 00 
00 00 00 00 00 00 00 00 00 00 00 00 00 00 00 00 00 00 00 00 
00 00 00 00 00 00 00 00 00 00 00 00 00 00 00 00 00 00 00 00 
00 00 00 00 00 00 00 00 00 00 00 00 00 00 00 00 00 00 00 00 
00 00 00 00 00 00 00 00 00 00 00 00 00 00 00 00 00 00 00 00 
00 00 00 00 00 00 00 00 00 00 00 00 00 07 00 00 00 de 6a 69 
e0 2b 89 b9 2d ee 00 c8 5e 3a d8 00 00 01 00 00 00 00 00 00 
00 10 02 01 00 ea f5 05 0c 01 00 10 01 54 00 00 00 14 00 00 
00 54 d7 56 4f 4c 88 95 8d ea f5 05 0c 01 00 10 01 a5 a9 4e 
58 18 00 00 00 01 00 00 00 02 00 00 00 a3 81 0b c1 00 00 00 
00 0e 0c 60 04 53 00 00 00 b2 00 00 00 32 00 00 00 04 00 00 
00 ea f5 05 0c 01 00 10 01 20 b4 03 00 a3 81 0b c1 08 00 00 
0a 00 00 00 00 b5 df 4b 58 35 8f 67 58 01 00 ad 53 00 00 00 
00 00 00 7c d3 d7 0a d3 b3 cb 65 07 35 7c de 7f 67 f7 1b b2 
c6 d4 4f 45 d6 fe d2 e1 46 60 7e 86 d4 64 58 ac 20 85 3c 69 
a6 ba 7f 3c df 02 88 04 e3 44 03 21 53 07 4d 9a 77 a9 d4 40 
5b 5f e5 d3 b1 e0 d1 fb 21 62 01 eb c4 f7 af 43 37 6c 18 ee 
86 0f 7b 86 8f 6b 8f fd f6 15 65 fe cb 2b 90 6b 14 02 e5 cb 
e9 2c f2 43 ef 8f 2f 37 eb 2d 21 79 ed 9d a7 f5 9e e6 fc 8b 
70 bf f8 98 30 3d d9 a9 7e ce 61 00 00 00 00 00 00 00 00 00 
00 00 00 00 00 00 00 00 00 00 00 00 00 00 01 00 00 00 00 55 
73 65 72 2d 41 67 65 6e 74 3a 20 56 61 6c 76 65 2f 53 74 65 
61 6d 20 48 54 54 50 20 43 6c 69 65 6e 74 20 31 2e 30 0d 0a 
0d 0a 00 00 00 00 00 00 00 00 00 00 00 00 00 00 00 00 00 00 
00 00 00 00 00 00 00 00 00 00 00 00 00 00 00 00 00 00 00 00 
00 00 00 00 00 00 00 00 00 00 00 00 00 00 00 00 00 00 00 00 
00 00 00 00 00 00 00 00 00 00 00 00 00 00 00 00 00 00 00 00 
00 00 00 00 00 00 00 00 00 00 00 00 00 00 00 00 00 00 00 00 
00 00 00 00 00 00 00 00 00 00 00 00 00 00 00 00 00 00 00 00 
00 00 00 00 00 00 00 00 00 00 00 00 00 00 00 00 00 00 00 00 
00 00 00 00 00 00 00 00 00 00 00 00 00 00 00 00 00 00 00 00 
00 00 00 00 00 00 00 00 00 00 00 00 00 00 00 00 00 00 00 00 
00 00 00 00 00 00 00 00 00 00 00 00 00 00 00 00 00 00 00 00 
00 00 00 00 00 00 00 00 00 ea 00 00 00

i......J......................................................................................................................................................................................................................................................................................................................ji.+..-...^:.......................T.......T.VOL.............NX......................`.S.......2.................................KX5.gX...S......|......e.5|..g.....OE....F`~..dX...<i...<.....D.!S.M.w..@[_......!b.....C7l....{..k....e..+.k.....,.C../7.-!y........p...0=..~.a............................User-Agent:.Valve/Steam.HTTP.Client.1.0.......................................................................................................................................................................................................................


SData | S:0 | L:893
Hdata | Size:893 | PID: 3e8(C2UF::REQ_LOGIN)
110100111101010111110001001
Flags | Normal:1 | Ping:0 | Encrypted:1 | Compressed:0 |
69 03 00 00 e8 03 00 4a 01 01 00 00 00 00 00 00 00 00 00 00 
00 00 00 00 00 00 00 00 00 00 00 00 00 00 00 00 00 00 00 00 
00 00 00 00 00 00 00 00 00 00 00 00 00 00 00 00 00 00 00 00 
00 00 00 00 00 00 00 00 00 00 00 00 00 00 00 00 00 00 00 00 
00 00 00 00 00 00 00 00 00 00 00 00 00 00 00 00 00 00 00 00 
00 00 00 00 00 00 00 00 00 00 00 00 00 00 00 00 00 00 00 00 
00 00 00 00 00 00 00 00 00 00 00 00 00 00 00 00 00 00 00 00 
00 00 00 00 00 00 00 00 00 00 00 00 00 00 00 00 00 00 00 00 
00 00 00 00 00 00 00 00 00 00 00 00 00 00 00 00 00 00 00 00 
00 00 00 00 00 00 00 00 00 00 00 00 00 00 00 00 00 00 00 00 
00 00 00 00 00 00 00 00 00 00 00 00 00 00 00 00 00 00 00 00 
00 00 00 00 00 00 00 00 00 00 00 00 00 00 00 00 00 00 00 00 
00 00 00 00 00 00 00 00 00 00 00 00 00 00 00 00 00 00 00 00 
00 00 00 00 00 00 00 00 00 00 00 00 00 00 00 00 00 00 00 00 
00 00 00 00 00 00 00 00 00 00 00 00 00 00 00 00 00 00 00 00 
00 00 00 00 00 00 00 00 00 00 00 00 00 07 00 00 00 de 6a 69 
e0 2b 89 b9 2d ee 00 a0 2d 3a d8 00 00 01 00 00 00 00 00 00 
00 10 02 01 00 ea f5 05 0c 01 00 10 01 55 00 00 00 14 00 00 
00 3b 7b 80 47 5d 79 c8 4b ea f5 05 0c 01 00 10 01 cb b0 4e 
58 18 00 00 00 01 00 00 00 02 00 00 00 a3 81 0b c1 00 00 00 
00 b1 76 60 04 54 00 00 00 b2 00 00 00 32 00 00 00 04 00 00 
00 ea f5 05 0c 01 00 10 01 20 b4 03 00 a3 81 0b c1 08 00 00 
0a 00 00 00 00 b5 df 4b 58 35 8f 67 58 01 00 ad 53 00 00 00 
00 00 00 7c d3 d7 0a d3 b3 cb 65 07 35 7c de 7f 67 f7 1b b2 
c6 d4 4f 45 d6 fe d2 e1 46 60 7e 86 d4 64 58 ac 20 85 3c 69 
a6 ba 7f 3c df 02 88 04 e3 44 03 21 53 07 4d 9a 77 a9 d4 40 
5b 5f e5 d3 b1 e0 d1 fb 21 62 01 eb c4 f7 af 43 37 6c 18 ee 
86 0f 7b 86 8f 6b 8f fd f6 15 65 fe cb 2b 90 6b 14 02 e5 cb 
e9 2c f2 43 ef 8f 2f 37 eb 2d 21 79 ed 9d a7 f5 9e e6 fc 8b 
70 bf f8 98 30 3d d9 a9 7e ce 61 00 00 00 00 00 00 00 00 00 
00 00 00 00 00 00 00 00 00 00 00 00 00 00 01 00 00 00 00 55 
73 65 72 2d 41 67 65 6e 74 3a 20 56 61 6c 76 65 2f 53 74 65 
61 6d 20 48 54 54 50 20 43 6c 69 65 6e 74 20 31 2e 30 0d 0a 
0d 0a 00 00 00 00 00 00 00 00 00 00 00 00 00 00 00 00 00 00 
00 00 00 00 00 00 00 00 00 00 00 00 00 00 00 00 00 00 00 00 
00 00 00 00 00 00 00 00 00 00 00 00 00 00 00 00 00 00 00 00 
00 00 00 00 00 00 00 00 00 00 00 00 00 00 00 00 00 00 00 00 
00 00 00 00 00 00 00 00 00 00 00 00 00 00 00 00 00 00 00 00 
00 00 00 00 00 00 00 00 00 00 00 00 00 00 00 00 00 00 00 00 
00 00 00 00 00 00 00 00 00 00 00 00 00 00 00 00 00 00 00 00 
00 00 00 00 00 00 00 00 00 00 00 00 00 00 00 00 00 00 00 00 
00 00 00 00 00 00 00 00 00 00 00 00 00 00 00 00 00 00 00 00 
00 00 00 00 00 00 00 00 00 00 00 00 00 00 00 00 00 00 00 00 
00 00 00 00 00 00 00 00 00 ea 00 00 00

i......J......................................................................................................................................................................................................................................................................................................................ji.+..-...-:.......................U.......;{.G]y.K..........NX.....................v`.T.......2.................................KX5.gX...S......|......e.5|..g.....OE....F`~..dX...<i...<.....D.!S.M.w..@[_......!b.....C7l....{..k....e..+.k.....,.C../7.-!y........p...0=..~.a............................User-Agent:.Valve/Steam.HTTP.Client.1.0.......................................................................................................................................................................................................................
