SData | S:1 | L:741
Hdata | Size:741 | PID: c9e(UF2C::NTF_PLAYER_SETUP_DATAS)
Flags | Normal:1 | Ping:0 | Encrypted:1 | Compressed:0 |
d1 02 00 00 9e 0c 00 8e 00 05 00 71 00 77 00 65 00 71 00 77 
00 65 00 00 00 00 00 00 00 00 00 00 00 00 00 00 00 00 00 00 
00 00 00 00 00 00 00 00 00 00 00 00 00 00 00 00 00 00 00 00 
00 00 00 00 00 00 00 00 00 00 00 00 00 00 00 00 00 00 00 00 
00 00 00 00 00 00 00 00 00 00 00 00 00 00 00 00 00 00 00 00 
00 00 00 00 00 00 00 00 00 00 00 00 00 00 00 00 00 00 00 00 
00 00 00 00 00 00 00 00 00 00 00 00 00 00 00 00 00 00 00 00 
00 01 00 ff ff 0a 00 2c 01 0f 00 00 00 77 00 71 00 65 00 71 
00 77 00 65 00 32 00 32 00 00 00 00 00 00 00 00 00 00 00 00 
00 00 00 00 00 00 00 00 00 00 00 00 00 00 00 00 00 00 00 00 
00 00 00 00 00 00 00 00 00 00 00 00 00 00 00 00 00 00 00 00 
00 00 00 00 00 00 00 00 00 00 00 00 00 00 00 00 00 00 00 00 
00 00 00 00 00 00 00 00 00 00 00 00 00 00 00 00 00 00 00 00 
00 00 00 00 00 00 00 00 00 00 00 00 00 00 00 00 00 00 00 00 
00 01 00 01 00 ff ff 0a 00 90 01 0f 00 00 00 54 00 68 00 65 
00 20 00 4c 00 61 00 69 00 72 00 20 00 6f 00 66 00 20 00 74 
00 68 00 65 00 20 00 42 00 65 00 61 00 73 00 74 00 00 00 00 
00 00 00 00 00 00 00 00 00 00 00 00 00 00 00 00 00 00 00 00 
00 00 00 00 00 00 00 00 00 00 00 00 00 00 00 00 00 00 00 00 
00 00 00 00 00 00 00 00 00 00 00 00 00 00 00 00 00 00 00 00 
00 00 00 00 00 00 00 00 00 00 00 00 00 00 00 00 00 00 00 00 
00 00 00 02 00 d3 07 d3 07 04 00 01 00 14 00 00 00 61 00 73 
00 64 00 71 00 71 00 00 00 00 00 00 00 00 00 00 00 00 00 00 
00 00 00 00 00 00 00 00 00 00 00 00 00 00 00 00 00 00 00 00 
00 00 00 00 00 00 00 00 00 00 00 00 00 00 00 00 00 00 00 00 
00 00 00 00 00 00 00 00 00 00 00 00 00 00 00 00 00 00 00 00 
00 00 00 00 00 00 00 00 00 00 00 00 00 00 00 00 00 00 00 00 
00 00 00 00 00 00 00 00 00 00 00 00 00 00 00 00 00 00 00 00 
00 00 00 00 00 04 00 01 00 ff ff 0a 00 05 00 02 00 00 00 61 
00 73 00 64 00 71 00 00 00 00 00 00 00 00 00 00 00 00 00 00 
00 00 00 00 00 00 00 00 00 00 00 00 00 00 00 00 00 00 00 00 
00 00 00 00 00 00 00 00 00 00 00 00 00 00 00 00 00 00 00 00 
00 00 00 00 00 00 00 00 00 00 00 00 00 00 00 00 00 00 00 00 
00 00 00 00 00 00 00 00 00 00 00 00 00 00 00 00 00 00 00 00 
00 00 00 00 00 00 00 00 00 00 00 00 00 00 00 00 00 00 00 00 
00 00 00 00 00 00 00 06 00 07 00 ff ff 08 00 05 00 02 00 00 
00

...........q.w.e.q.w.e.............................................................................................................................,.....w.q.e.q.w.e.2.2...............................................................................................................................T.h.e...L.a.i.r...o.f...t.h.e...B.e.a.s.t.....................................................................................................a.s.d.q.q.....................................................................................................................................a.s.d.q.......................................................................................................................................


SData | S:1 | L:741
Hdata | Size:741 | PID: c9e(UF2C::NTF_PLAYER_SETUP_DATAS)
Flags | Normal:1 | Ping:0 | Encrypted:1 | Compressed:0 |
d1 02 00 00 9e 0c 00 8e 00 05 00 71 00 77 00 65 00 71 00 77 
00 65 00 00 00 00 00 00 00 00 00 00 00 00 00 00 00 00 00 00 
00 00 00 00 00 00 00 00 00 00 00 00 00 00 00 00 00 00 00 00 
00 00 00 00 00 00 00 00 00 00 00 00 00 00 00 00 00 00 00 00 
00 00 00 00 00 00 00 00 00 00 00 00 00 00 00 00 00 00 00 00 
00 00 00 00 00 00 00 00 00 00 00 00 00 00 00 00 00 00 00 00 
00 00 00 00 00 00 00 00 00 00 00 00 00 00 00 00 00 00 00 00 
00 01 00 ff ff 0a 00 2c 01 0f 00 00 00 77 00 71 00 65 00 71 
00 77 00 65 00 32 00 32 00 00 00 00 00 00 00 00 00 00 00 00 
00 00 00 00 00 00 00 00 00 00 00 00 00 00 00 00 00 00 00 00 
00 00 00 00 00 00 00 00 00 00 00 00 00 00 00 00 00 00 00 00 
00 00 00 00 00 00 00 00 00 00 00 00 00 00 00 00 00 00 00 00 
00 00 00 00 00 00 00 00 00 00 00 00 00 00 00 00 00 00 00 00 
00 00 00 00 00 00 00 00 00 00 00 00 00 00 00 00 00 00 00 00 
00 01 00 01 00 ff ff 0a 00 90 01 0f 00 00 00 54 00 68 00 65 
00 20 00 4c 00 61 00 69 00 72 00 20 00 6f 00 66 00 20 00 74 
00 68 00 65 00 20 00 42 00 65 00 61 00 73 00 74 00 00 00 00 
00 00 00 00 00 00 00 00 00 00 00 00 00 00 00 00 00 00 00 00 
00 00 00 00 00 00 00 00 00 00 00 00 00 00 00 00 00 00 00 00 
00 00 00 00 00 00 00 00 00 00 00 00 00 00 00 00 00 00 00 00 
00 00 00 00 00 00 00 00 00 00 00 00 00 00 00 00 00 00 00 00 
00 00 00 02 00 d3 07 d3 07 04 00 01 00 14 00 00 00 61 00 73 
00 64 00 71 00 71 00 00 00 00 00 00 00 00 00 00 00 00 00 00 
00 00 00 00 00 00 00 00 00 00 00 00 00 00 00 00 00 00 00 00 
00 00 00 00 00 00 00 00 00 00 00 00 00 00 00 00 00 00 00 00 
00 00 00 00 00 00 00 00 00 00 00 00 00 00 00 00 00 00 00 00 
00 00 00 00 00 00 00 00 00 00 00 00 00 00 00 00 00 00 00 00 
00 00 00 00 00 00 00 00 00 00 00 00 00 00 00 00 00 00 00 00 
00 00 00 00 00 04 00 01 00 ff ff 0a 00 05 00 02 00 00 00 61 
00 73 00 64 00 71 00 00 00 00 00 00 00 00 00 00 00 00 00 00 
00 00 00 00 00 00 00 00 00 00 00 00 00 00 00 00 00 00 00 00 
00 00 00 00 00 00 00 00 00 00 00 00 00 00 00 00 00 00 00 00 
00 00 00 00 00 00 00 00 00 00 00 00 00 00 00 00 00 00 00 00 
00 00 00 00 00 00 00 00 00 00 00 00 00 00 00 00 00 00 00 00 
00 00 00 00 00 00 00 00 00 00 00 00 00 00 00 00 00 00 00 00 
00 00 00 00 00 00 00 06 00 07 00 ff ff 08 00 05 00 02 00 00 
00

...........q.w.e.q.w.e.............................................................................................................................,.....w.q.e.q.w.e.2.2...............................................................................................................................T.h.e...L.a.i.r...o.f...t.h.e...B.e.a.s.t.....................................................................................................a.s.d.q.q.....................................................................................................................................a.s.d.q.......................................................................................................................................


SData | S:1 | L:741
Hdata | Size:741 | PID: c9e(UF2C::NTF_PLAYER_SETUP_DATAS)
1101011110000000110000101001
Flags | Normal:1 | Ping:0 | Encrypted:1 | Compressed:0 |
d1 02 00 00 9e 0c 00 8e 00 05 00 71 00 77 00 65 00 71 00 77 
00 65 00 00 00 00 00 00 00 00 00 00 00 00 00 00 00 00 00 00 
00 00 00 00 00 00 00 00 00 00 00 00 00 00 00 00 00 00 00 00 
00 00 00 00 00 00 00 00 00 00 00 00 00 00 00 00 00 00 00 00 
00 00 00 00 00 00 00 00 00 00 00 00 00 00 00 00 00 00 00 00 
00 00 00 00 00 00 00 00 00 00 00 00 00 00 00 00 00 00 00 00 
00 00 00 00 00 00 00 00 00 00 00 00 00 00 00 00 00 00 00 00 
00 01 00 ff ff 0a 00 2c 01 0f 00 00 00 77 00 71 00 65 00 71 
00 77 00 65 00 32 00 32 00 00 00 00 00 00 00 00 00 00 00 00 
00 00 00 00 00 00 00 00 00 00 00 00 00 00 00 00 00 00 00 00 
00 00 00 00 00 00 00 00 00 00 00 00 00 00 00 00 00 00 00 00 
00 00 00 00 00 00 00 00 00 00 00 00 00 00 00 00 00 00 00 00 
00 00 00 00 00 00 00 00 00 00 00 00 00 00 00 00 00 00 00 00 
00 00 00 00 00 00 00 00 00 00 00 00 00 00 00 00 00 00 00 00 
00 01 00 01 00 ff ff 0a 00 90 01 0f 00 00 00 54 00 68 00 65 
00 20 00 4c 00 61 00 69 00 72 00 20 00 6f 00 66 00 20 00 74 
00 68 00 65 00 20 00 42 00 65 00 61 00 73 00 74 00 00 00 00 
00 00 00 00 00 00 00 00 00 00 00 00 00 00 00 00 00 00 00 00 
00 00 00 00 00 00 00 00 00 00 00 00 00 00 00 00 00 00 00 00 
00 00 00 00 00 00 00 00 00 00 00 00 00 00 00 00 00 00 00 00 
00 00 00 00 00 00 00 00 00 00 00 00 00 00 00 00 00 00 00 00 
00 00 00 02 00 d3 07 d3 07 04 00 01 00 14 00 00 00 61 00 73 
00 64 00 71 00 71 00 00 00 00 00 00 00 00 00 00 00 00 00 00 
00 00 00 00 00 00 00 00 00 00 00 00 00 00 00 00 00 00 00 00 
00 00 00 00 00 00 00 00 00 00 00 00 00 00 00 00 00 00 00 00 
00 00 00 00 00 00 00 00 00 00 00 00 00 00 00 00 00 00 00 00 
00 00 00 00 00 00 00 00 00 00 00 00 00 00 00 00 00 00 00 00 
00 00 00 00 00 00 00 00 00 00 00 00 00 00 00 00 00 00 00 00 
00 00 00 00 00 04 00 01 00 ff ff 0a 00 05 00 02 00 00 00 61 
00 73 00 64 00 71 00 00 00 00 00 00 00 00 00 00 00 00 00 00 
00 00 00 00 00 00 00 00 00 00 00 00 00 00 00 00 00 00 00 00 
00 00 00 00 00 00 00 00 00 00 00 00 00 00 00 00 00 00 00 00 
00 00 00 00 00 00 00 00 00 00 00 00 00 00 00 00 00 00 00 00 
00 00 00 00 00 00 00 00 00 00 00 00 00 00 00 00 00 00 00 00 
00 00 00 00 00 00 00 00 00 00 00 00 00 00 00 00 00 00 00 00 
00 00 00 00 00 00 00 06 00 07 00 ff ff 08 00 05 00 02 00 00 
00

...........q.w.e.q.w.e.............................................................................................................................,.....w.q.e.q.w.e.2.2...............................................................................................................................T.h.e...L.a.i.r...o.f...t.h.e...B.e.a.s.t.....................................................................................................a.s.d.q.q.....................................................................................................................................a.s.d.q.......................................................................................................................................


SData | S:1 | L:741
Hdata | Size:741 | PID: c9e(UF2C::NTF_PLAYER_SETUP_DATAS)
1101011111011101000000101001
Flags | Normal:1 | Ping:0 | Encrypted:1 | Compressed:0 |
d1 02 00 00 9e 0c 00 8e 00 05 00 71 00 77 00 65 00 71 00 77 
00 65 00 00 00 00 00 00 00 00 00 00 00 00 00 00 00 00 00 00 
00 00 00 00 00 00 00 00 00 00 00 00 00 00 00 00 00 00 00 00 
00 00 00 00 00 00 00 00 00 00 00 00 00 00 00 00 00 00 00 00 
00 00 00 00 00 00 00 00 00 00 00 00 00 00 00 00 00 00 00 00 
00 00 00 00 00 00 00 00 00 00 00 00 00 00 00 00 00 00 00 00 
00 00 00 00 00 00 00 00 00 00 00 00 00 00 00 00 00 00 00 00 
00 01 00 ff ff 0a 00 2c 01 0f 00 00 00 77 00 71 00 65 00 71 
00 77 00 65 00 32 00 32 00 00 00 00 00 00 00 00 00 00 00 00 
00 00 00 00 00 00 00 00 00 00 00 00 00 00 00 00 00 00 00 00 
00 00 00 00 00 00 00 00 00 00 00 00 00 00 00 00 00 00 00 00 
00 00 00 00 00 00 00 00 00 00 00 00 00 00 00 00 00 00 00 00 
00 00 00 00 00 00 00 00 00 00 00 00 00 00 00 00 00 00 00 00 
00 00 00 00 00 00 00 00 00 00 00 00 00 00 00 00 00 00 00 00 
00 01 00 01 00 ff ff 0a 00 90 01 0f 00 00 00 54 00 68 00 65 
00 20 00 4c 00 61 00 69 00 72 00 20 00 6f 00 66 00 20 00 74 
00 68 00 65 00 20 00 42 00 65 00 61 00 73 00 74 00 00 00 00 
00 00 00 00 00 00 00 00 00 00 00 00 00 00 00 00 00 00 00 00 
00 00 00 00 00 00 00 00 00 00 00 00 00 00 00 00 00 00 00 00 
00 00 00 00 00 00 00 00 00 00 00 00 00 00 00 00 00 00 00 00 
00 00 00 00 00 00 00 00 00 00 00 00 00 00 00 00 00 00 00 00 
00 00 00 02 00 d3 07 d3 07 04 00 01 00 14 00 00 00 61 00 73 
00 64 00 71 00 71 00 00 00 00 00 00 00 00 00 00 00 00 00 00 
00 00 00 00 00 00 00 00 00 00 00 00 00 00 00 00 00 00 00 00 
00 00 00 00 00 00 00 00 00 00 00 00 00 00 00 00 00 00 00 00 
00 00 00 00 00 00 00 00 00 00 00 00 00 00 00 00 00 00 00 00 
00 00 00 00 00 00 00 00 00 00 00 00 00 00 00 00 00 00 00 00 
00 00 00 00 00 00 00 00 00 00 00 00 00 00 00 00 00 00 00 00 
00 00 00 00 00 04 00 01 00 ff ff 0a 00 05 00 02 00 00 00 61 
00 73 00 64 00 71 00 00 00 00 00 00 00 00 00 00 00 00 00 00 
00 00 00 00 00 00 00 00 00 00 00 00 00 00 00 00 00 00 00 00 
00 00 00 00 00 00 00 00 00 00 00 00 00 00 00 00 00 00 00 00 
00 00 00 00 00 00 00 00 00 00 00 00 00 00 00 00 00 00 00 00 
00 00 00 00 00 00 00 00 00 00 00 00 00 00 00 00 00 00 00 00 
00 00 00 00 00 00 00 00 00 00 00 00 00 00 00 00 00 00 00 00 
00 00 00 00 00 00 00 06 00 07 00 ff ff 08 00 05 00 02 00 00 
00

...........q.w.e.q.w.e.............................................................................................................................,.....w.q.e.q.w.e.2.2...............................................................................................................................T.h.e...L.a.i.r...o.f...t.h.e...B.e.a.s.t.....................................................................................................a.s.d.q.q.....................................................................................................................................a.s.d.q.......................................................................................................................................
