SData | S:1 | L:687
Hdata | Size:687 | PID: c4e(UF2C::NTF_CHARACTERLIST)
Flags | Normal:1 | Ping:0 | Encrypted:1 | Compressed:0 |
9b 02 00 00 4e 0c 00 00 00 6d 00 06 00 e7 29 02 ef 00 00 00 
00 e0 8f 1d f0 00 00 00 00 00 00 00 00 00 00 00 00 0e 25 0c 
00 00 00 00 00 00 00 00 00 00 00 00 00 00 00 00 00 00 00 00 
00 00 00 00 00 00 00 00 00 00 00 00 00 00 00 00 00 00 00 00 
00 00 00 00 00 00 6d 46 03 00 e0 07 0c 00 0c 00 01 00 13 00 
0d 00 c0 63 97 3a df 07 01 00 1e 00 0d 00 21 00 11 00 80 9e 
47 30 e7 29 02 ef 00 00 00 00 58 36 a9 f4 00 00 00 00 01 00 
00 00 00 00 00 00 01 00 00 00 00 00 00 00 00 00 00 00 00 00 
00 00 00 00 00 00 00 00 00 00 00 00 00 00 00 00 00 00 00 00 
00 00 00 00 00 00 00 00 00 00 00 00 00 00 00 ce 03 00 00 df 
07 06 00 07 00 09 00 35 00 13 00 40 3e bc 06 df 07 03 00 14 
00 09 00 20 00 2c 00 40 8a f7 01 e7 29 02 ef 00 00 00 00 13 
8d b3 f2 00 00 00 00 02 00 00 00 00 00 00 00 03 e0 00 00 00 
00 00 00 00 00 00 00 00 00 00 00 00 00 00 00 00 00 00 00 00 
00 00 00 00 00 00 00 00 00 00 00 00 00 00 00 00 00 00 00 00 
00 00 00 00 f0 01 00 00 df 07 03 00 14 00 0e 00 31 00 28 00 
40 c0 65 03 df 07 02 00 16 00 03 00 2b 00 22 00 40 74 2a 08 
e7 29 02 ef 00 00 00 00 b2 f8 b9 ee 00 00 00 00 03 00 00 00 
00 00 00 00 0f 16 0e 00 00 00 00 00 00 00 00 00 00 00 00 00 
00 00 00 00 00 00 00 00 00 00 00 00 00 00 00 00 00 00 00 00 
00 00 00 00 00 00 00 00 00 00 00 00 00 54 23 02 00 df 07 0c 
00 0d 00 07 00 28 00 2c 00 40 ce 8c 0a df 07 01 00 0e 00 11 
00 2f 00 2c 00 40 82 51 0f e7 29 02 ef 00 00 00 00 b2 76 26 
0e 01 00 00 00 04 00 00 00 00 00 00 00 05 7f 01 00 00 00 00 
00 00 00 00 00 00 00 00 00 00 00 00 00 00 00 00 00 00 00 00 
00 00 00 00 00 00 00 00 00 00 00 00 00 00 00 00 00 00 00 00 
00 00 f2 1d 00 00 e0 07 03 00 03 00 13 00 0d 00 31 00 40 65 
75 30 df 07 0c 00 12 00 14 00 31 00 3b 00 40 9e 9f 1d e7 29 
02 ef 00 00 00 00 d3 87 b3 f2 00 00 00 00 06 00 00 00 00 00 
00 00 01 2a 00 00 00 00 00 00 00 00 00 00 00 00 00 00 00 00 
00 00 00 00 00 00 00 00 00 00 00 00 00 00 00 00 00 00 00 00 
00 00 00 00 00 00 00 00 00 00 00 2e 07 00 00 df 07 04 00 09 
00 11 00 2d 00 28 00 40 d9 f7 25 df 07 02 00 16 00 03 00 1f 
00 22 00 40 25 33 21

....N....m....).......................%...............................................mF...............c.:........!.....G0.)......X6...........................................................................5...@>............,.@....)...................................................................................1.(.@.e.........+.".@t*..).......................................................................T#..........(.,.@.........../.,.@.Q..).......v&............................................................................1.@eu0........1.;.@....).......................*...........................................................-.(.@..%..........".@%3!


SData | S:1 | L:687
Hdata | Size:687 | PID: c4e(UF2C::NTF_CHARACTERLIST)
Flags | Normal:1 | Ping:0 | Encrypted:1 | Compressed:0 |
9b 02 00 00 4e 0c 00 00 00 6d 00 06 00 e7 29 02 ef 00 00 00 
00 e0 8f 1d f0 00 00 00 00 00 00 00 00 00 00 00 00 0e 25 0c 
00 00 00 00 00 00 00 00 00 00 00 00 00 00 00 00 00 00 00 00 
00 00 00 00 00 00 00 00 00 00 00 00 00 00 00 00 00 00 00 00 
00 00 00 00 00 00 9a 46 03 00 e0 07 0c 00 0c 00 0e 00 0f 00 
17 00 80 71 16 2f df 07 01 00 1e 00 0d 00 21 00 11 00 80 9e 
47 30 e7 29 02 ef 00 00 00 00 58 36 a9 f4 00 00 00 00 01 00 
00 00 00 00 00 00 01 00 00 00 00 00 00 00 00 00 00 00 00 00 
00 00 00 00 00 00 00 00 00 00 00 00 00 00 00 00 00 00 00 00 
00 00 00 00 00 00 00 00 00 00 00 00 00 00 00 ce 03 00 00 df 
07 06 00 07 00 09 00 35 00 13 00 40 3e bc 06 df 07 03 00 14 
00 09 00 20 00 2c 00 40 8a f7 01 e7 29 02 ef 00 00 00 00 13 
8d b3 f2 00 00 00 00 02 00 00 00 00 00 00 00 03 e0 00 00 00 
00 00 00 00 00 00 00 00 00 00 00 00 00 00 00 00 00 00 00 00 
00 00 00 00 00 00 00 00 00 00 00 00 00 00 00 00 00 00 00 00 
00 00 00 00 f0 01 00 00 df 07 03 00 14 00 0e 00 31 00 28 00 
40 c0 65 03 df 07 02 00 16 00 03 00 2b 00 22 00 40 74 2a 08 
e7 29 02 ef 00 00 00 00 b2 f8 b9 ee 00 00 00 00 03 00 00 00 
00 00 00 00 0f 16 0e 00 00 00 00 00 00 00 00 00 00 00 00 00 
00 00 00 00 00 00 00 00 00 00 00 00 00 00 00 00 00 00 00 00 
00 00 00 00 00 00 00 00 00 00 00 00 00 54 23 02 00 df 07 0c 
00 0d 00 07 00 28 00 2c 00 40 ce 8c 0a df 07 01 00 0e 00 11 
00 2f 00 2c 00 40 82 51 0f e7 29 02 ef 00 00 00 00 b2 76 26 
0e 01 00 00 00 04 00 00 00 00 00 00 00 05 7f 01 00 00 00 00 
00 00 00 00 00 00 00 00 00 00 00 00 00 00 00 00 00 00 00 00 
00 00 00 00 00 00 00 00 00 00 00 00 00 00 00 00 00 00 00 00 
00 00 f2 1d 00 00 e0 07 03 00 03 00 13 00 0d 00 31 00 40 65 
75 30 df 07 0c 00 12 00 14 00 31 00 3b 00 40 9e 9f 1d e7 29 
02 ef 00 00 00 00 d3 87 b3 f2 00 00 00 00 06 00 00 00 00 00 
00 00 01 2a 00 00 00 00 00 00 00 00 00 00 00 00 00 00 00 00 
00 00 00 00 00 00 00 00 00 00 00 00 00 00 00 00 00 00 00 00 
00 00 00 00 00 00 00 00 00 00 00 2e 07 00 00 df 07 04 00 09 
00 11 00 2d 00 28 00 40 d9 f7 25 df 07 02 00 16 00 03 00 1f 
00 22 00 40 25 33 21

....N....m....).......................%................................................F...............q./........!.....G0.)......X6...........................................................................5...@>............,.@....)...................................................................................1.(.@.e.........+.".@t*..).......................................................................T#..........(.,.@.........../.,.@.Q..).......v&............................................................................1.@eu0........1.;.@....).......................*...........................................................-.(.@..%..........".@%3!


SData | S:1 | L:687
Hdata | Size:687 | PID: c4e(UF2C::NTF_CHARACTERLIST)
1101011110011101100000101001
Flags | Normal:1 | Ping:0 | Encrypted:1 | Compressed:0 |
9b 02 00 00 4e 0c 00 00 00 6d 00 06 00 e7 29 02 ef 00 00 00 
00 e0 8f 1d f0 00 00 00 00 00 00 00 00 00 00 00 00 0e 25 0c 
00 00 00 00 00 00 00 00 00 00 00 00 00 00 00 00 00 00 00 00 
00 00 00 00 00 00 00 00 00 00 00 00 00 00 00 00 00 00 00 00 
00 00 00 00 00 00 9a 46 03 00 e0 07 0c 00 0c 00 0e 00 0f 00 
17 00 80 71 16 2f df 07 01 00 1e 00 0d 00 21 00 11 00 80 9e 
47 30 e7 29 02 ef 00 00 00 00 58 36 a9 f4 00 00 00 00 01 00 
00 00 00 00 00 00 01 00 00 00 00 00 00 00 00 00 00 00 00 00 
00 00 00 00 00 00 00 00 00 00 00 00 00 00 00 00 00 00 00 00 
00 00 00 00 00 00 00 00 00 00 00 00 00 00 00 ce 03 00 00 df 
07 06 00 07 00 09 00 35 00 13 00 40 3e bc 06 df 07 03 00 14 
00 09 00 20 00 2c 00 40 8a f7 01 e7 29 02 ef 00 00 00 00 13 
8d b3 f2 00 00 00 00 02 00 00 00 00 00 00 00 03 e0 00 00 00 
00 00 00 00 00 00 00 00 00 00 00 00 00 00 00 00 00 00 00 00 
00 00 00 00 00 00 00 00 00 00 00 00 00 00 00 00 00 00 00 00 
00 00 00 00 f0 01 00 00 df 07 03 00 14 00 0e 00 31 00 28 00 
40 c0 65 03 df 07 02 00 16 00 03 00 2b 00 22 00 40 74 2a 08 
e7 29 02 ef 00 00 00 00 b2 f8 b9 ee 00 00 00 00 03 00 00 00 
00 00 00 00 0f 16 0e 00 00 00 00 00 00 00 00 00 00 00 00 00 
00 00 00 00 00 00 00 00 00 00 00 00 00 00 00 00 00 00 00 00 
00 00 00 00 00 00 00 00 00 00 00 00 00 54 23 02 00 df 07 0c 
00 0d 00 07 00 28 00 2c 00 40 ce 8c 0a df 07 01 00 0e 00 11 
00 2f 00 2c 00 40 82 51 0f e7 29 02 ef 00 00 00 00 b2 76 26 
0e 01 00 00 00 04 00 00 00 00 00 00 00 05 7f 01 00 00 00 00 
00 00 00 00 00 00 00 00 00 00 00 00 00 00 00 00 00 00 00 00 
00 00 00 00 00 00 00 00 00 00 00 00 00 00 00 00 00 00 00 00 
00 00 f2 1d 00 00 e0 07 03 00 03 00 13 00 0d 00 31 00 40 65 
75 30 df 07 0c 00 12 00 14 00 31 00 3b 00 40 9e 9f 1d e7 29 
02 ef 00 00 00 00 d3 87 b3 f2 00 00 00 00 06 00 00 00 00 00 
00 00 01 2a 00 00 00 00 00 00 00 00 00 00 00 00 00 00 00 00 
00 00 00 00 00 00 00 00 00 00 00 00 00 00 00 00 00 00 00 00 
00 00 00 00 00 00 00 00 00 00 00 2e 07 00 00 df 07 04 00 09 
00 11 00 2d 00 28 00 40 d9 f7 25 df 07 02 00 16 00 03 00 1f 
00 22 00 40 25 33 21

....N....m....).......................%................................................F...............q./........!.....G0.)......X6...........................................................................5...@>............,.@....)...................................................................................1.(.@.e.........+.".@t*..).......................................................................T#..........(.,.@.........../.,.@.Q..).......v&............................................................................1.@eu0........1.;.@....).......................*...........................................................-.(.@..%..........".@%3!


SData | S:1 | L:687
Hdata | Size:687 | PID: c4e(UF2C::NTF_CHARACTERLIST)
1101011111011101000000101001
Flags | Normal:1 | Ping:0 | Encrypted:1 | Compressed:0 |
9b 02 00 00 4e 0c 00 00 00 6d 00 06 00 e7 29 02 ef 00 00 00 
00 e0 8f 1d f0 00 00 00 00 00 00 00 00 00 00 00 00 0e 25 0c 
00 00 00 00 00 00 00 00 00 00 00 00 00 00 00 00 00 00 00 00 
00 00 00 00 00 00 00 00 00 00 00 00 00 00 00 00 00 00 00 00 
00 00 00 00 00 00 9a 46 03 00 e0 07 0c 00 0c 00 0e 00 0f 00 
17 00 80 71 16 2f df 07 01 00 1e 00 0d 00 21 00 11 00 80 9e 
47 30 e7 29 02 ef 00 00 00 00 58 36 a9 f4 00 00 00 00 01 00 
00 00 00 00 00 00 01 00 00 00 00 00 00 00 00 00 00 00 00 00 
00 00 00 00 00 00 00 00 00 00 00 00 00 00 00 00 00 00 00 00 
00 00 00 00 00 00 00 00 00 00 00 00 00 00 00 ce 03 00 00 df 
07 06 00 07 00 09 00 35 00 13 00 40 3e bc 06 df 07 03 00 14 
00 09 00 20 00 2c 00 40 8a f7 01 e7 29 02 ef 00 00 00 00 13 
8d b3 f2 00 00 00 00 02 00 00 00 00 00 00 00 03 e0 00 00 00 
00 00 00 00 00 00 00 00 00 00 00 00 00 00 00 00 00 00 00 00 
00 00 00 00 00 00 00 00 00 00 00 00 00 00 00 00 00 00 00 00 
00 00 00 00 f0 01 00 00 df 07 03 00 14 00 0e 00 31 00 28 00 
40 c0 65 03 df 07 02 00 16 00 03 00 2b 00 22 00 40 74 2a 08 
e7 29 02 ef 00 00 00 00 b2 f8 b9 ee 00 00 00 00 03 00 00 00 
00 00 00 00 0f 16 0e 00 00 00 00 00 00 00 00 00 00 00 00 00 
00 00 00 00 00 00 00 00 00 00 00 00 00 00 00 00 00 00 00 00 
00 00 00 00 00 00 00 00 00 00 00 00 00 54 23 02 00 df 07 0c 
00 0d 00 07 00 28 00 2c 00 40 ce 8c 0a df 07 01 00 0e 00 11 
00 2f 00 2c 00 40 82 51 0f e7 29 02 ef 00 00 00 00 b2 76 26 
0e 01 00 00 00 04 00 00 00 00 00 00 00 05 7f 01 00 00 00 00 
00 00 00 00 00 00 00 00 00 00 00 00 00 00 00 00 00 00 00 00 
00 00 00 00 00 00 00 00 00 00 00 00 00 00 00 00 00 00 00 00 
00 00 f2 1d 00 00 e0 07 03 00 03 00 13 00 0d 00 31 00 40 65 
75 30 df 07 0c 00 12 00 14 00 31 00 3b 00 40 9e 9f 1d e7 29 
02 ef 00 00 00 00 d3 87 b3 f2 00 00 00 00 06 00 00 00 00 00 
00 00 01 2a 00 00 00 00 00 00 00 00 00 00 00 00 00 00 00 00 
00 00 00 00 00 00 00 00 00 00 00 00 00 00 00 00 00 00 00 00 
00 00 00 00 00 00 00 00 00 00 00 2e 07 00 00 df 07 04 00 09 
00 11 00 2d 00 28 00 40 d9 f7 25 df 07 02 00 16 00 03 00 1f 
00 22 00 40 25 33 21

....N....m....).......................%................................................F...............q./........!.....G0.)......X6...........................................................................5...@>............,.@....)...................................................................................1.(.@.e.........+.".@t*..).......................................................................T#..........(.,.@.........../.,.@.Q..).......v&............................................................................1.@eu0........1.;.@....).......................*...........................................................-.(.@..%..........".@%3!
