SData | S:1 | L:289
Hdata | Size:289 | PID: c8a(UF2C::NTF_FRIENDLIST)
Flags | Normal:1 | Ping:0 | Encrypted:1 | Compressed:0 |
0d 01 00 00 8a 0c 00 00 00 80 00 02 00 c1 4a c1 96 00 00 00 
00 03 00 00 00 44 00 6f 00 67 00 67 00 65 00 00 00 00 00 00 
00 70 7b b1 14 2f 00 00 00 20 f7 4e 00 55 00 4c 00 4c 00 00 
00 00 00 00 00 00 00 00 00 00 00 00 00 40 f7 e1 08 96 1e b9 
00 30 78 b1 14 2f 00 00 00 30 78 00 00 00 00 00 00 00 00 00 
00 00 00 00 14 4a f7 e1 08 74 f7 e1 08 30 78 00 00 00 f7 e1 
08 a0 1d b9 00 00 38 f9 04 00 00 00 00 ff ff ff ff 00 00 00 
00 9f 59 66 ee 00 00 00 00 03 00 00 00 57 00 69 00 67 00 67 
00 6c 00 65 00 42 00 75 00 74 00 74 00 00 00 00 00 20 f7 4e 
00 55 00 4c 00 4c 00 00 00 00 00 00 00 00 00 00 00 00 00 00 
00 40 f7 e1 08 96 1e b9 00 30 78 b1 14 2f 00 00 00 30 78 00 
00 00 00 00 00 00 00 00 00 00 00 00 14 4a f7 e1 08 74 f7 e1 
08 30 78 00 00 00 f7 e1 08 a0 1d b9 00 00 38 f9 04 00 00 00 
00 ff ff ff ff 00 00 00 00

..............J..........D.o.g.g.e.......p{../.....N.U.L.L...............@.......0x../...0x..............J...t...0x...........8...............Yf.........W.i.g.g.l.e.B.u.t.t.......N.U.L.L...............@.......0x../...0x..............J...t...0x...........8..............


SData | S:1 | L:289
Hdata | Size:289 | PID: c8a(UF2C::NTF_FRIENDLIST)
Flags | Normal:1 | Ping:0 | Encrypted:1 | Compressed:0 |
0d 01 00 00 8a 0c 00 00 00 80 00 02 00 c1 4a c1 96 00 00 00 
00 03 00 00 00 44 00 6f 00 67 00 67 00 65 00 00 00 00 00 00 
00 d0 75 05 11 2f 00 00 00 80 f9 4e 00 55 00 4c 00 4c 00 00 
00 00 00 00 00 00 00 00 00 00 00 00 00 a0 f9 55 08 96 1e b9 
00 70 77 05 11 2f 00 00 00 70 77 00 00 00 00 00 00 00 00 00 
00 00 00 00 11 aa f9 55 08 d4 f9 55 08 70 77 00 00 00 f9 55 
08 a0 1d b9 00 00 2c f9 04 00 00 00 00 ff ff ff ff 00 00 00 
00 9f 59 66 ee 00 00 00 00 03 00 00 00 57 00 69 00 67 00 67 
00 6c 00 65 00 42 00 75 00 74 00 74 00 00 00 00 00 80 f9 4e 
00 55 00 4c 00 4c 00 00 00 00 00 00 00 00 00 00 00 00 00 00 
00 a0 f9 55 08 96 1e b9 00 70 77 05 11 2f 00 00 00 70 77 00 
00 00 00 00 00 00 00 00 00 00 00 00 11 aa f9 55 08 d4 f9 55 
08 70 77 00 00 00 f9 55 08 a0 1d b9 00 00 2c f9 04 00 00 00 
00 ff ff ff ff 00 00 00 00

..............J..........D.o.g.g.e........u../.....N.U.L.L.................U.....pw../...pw................U...U.pw....U......,...............Yf.........W.i.g.g.l.e.B.u.t.t.......N.U.L.L.................U.....pw../...pw................U...U.pw....U......,..............


SData | S:1 | L:289
Hdata | Size:289 | PID: c8a(UF2C::NTF_FRIENDLIST)
1101011110000000110000101001
Flags | Normal:1 | Ping:0 | Encrypted:1 | Compressed:0 |
0d 01 00 00 8a 0c 00 00 00 80 00 02 00 c1 4a c1 96 00 00 00 
00 03 00 00 00 44 00 6f 00 67 00 67 00 65 00 00 00 00 00 00 
00 38 90 0c 11 2f 00 00 00 7c f8 4e 00 55 00 4c 00 4c 00 00 
00 00 00 00 00 00 00 00 00 00 00 00 00 9c f8 29 07 96 1e b9 
00 d0 8f 0c 11 2f 00 00 00 d0 8f 00 00 00 00 00 00 00 00 00 
00 00 00 00 11 a6 f8 29 07 d0 f8 29 07 d0 8f 00 00 00 f8 29 
07 a0 1d b9 00 00 38 f9 04 00 00 00 00 ff ff ff ff 00 00 00 
00 9f 59 66 ee 00 00 00 00 03 00 00 00 57 00 69 00 67 00 67 
00 6c 00 65 00 42 00 75 00 74 00 74 00 00 00 00 00 7c f8 4e 
00 55 00 4c 00 4c 00 00 00 00 00 00 00 00 00 00 00 00 00 00 
00 9c f8 29 07 96 1e b9 00 d0 8f 0c 11 2f 00 00 00 d0 8f 00 
00 00 00 00 00 00 00 00 00 00 00 00 11 a6 f8 29 07 d0 f8 29 
07 d0 8f 00 00 00 f8 29 07 a0 1d b9 00 00 38 f9 04 00 00 00 
00 ff ff ff ff 00 00 00 00

..............J..........D.o.g.g.e.......8.../...|.N.U.L.L.................)........./.....................)...).......)......8...............Yf.........W.i.g.g.l.e.B.u.t.t.....|.N.U.L.L.................)........./.....................)...).......)......8..............


SData | S:1 | L:289
Hdata | Size:289 | PID: c8a(UF2C::NTF_FRIENDLIST)
1101011101111101110000101001
Flags | Normal:1 | Ping:0 | Encrypted:1 | Compressed:0 |
0d 01 00 00 8a 0c 00 00 00 80 00 02 00 c1 4a c1 96 00 00 00 
00 03 00 00 00 44 00 6f 00 67 00 67 00 65 00 00 00 00 00 00 
00 f8 b1 ff 04 2f 00 00 00 e0 f8 4e 00 55 00 4c 00 4c 00 00 
00 00 00 00 00 00 00 00 00 00 00 00 00 00 f9 79 07 96 1e b9 
00 28 b1 ff 04 2f 00 00 00 28 b1 00 00 00 00 00 00 00 00 00 
00 00 00 00 04 0a f9 79 07 34 f9 79 07 28 b1 00 00 00 f9 79 
07 a0 1d b9 00 00 24 f9 04 00 00 00 00 ff ff ff ff 00 00 00 
00 9f 59 66 ee 00 00 00 00 03 00 00 00 57 00 69 00 67 00 67 
00 6c 00 65 00 42 00 75 00 74 00 74 00 00 00 00 00 e0 f8 4e 
00 55 00 4c 00 4c 00 00 00 00 00 00 00 00 00 00 00 00 00 00 
00 00 f9 79 07 96 1e b9 00 28 b1 ff 04 2f 00 00 00 28 b1 00 
00 00 00 00 00 00 00 00 00 00 00 00 04 0a f9 79 07 34 f9 79 
07 28 b1 00 00 00 f9 79 07 a0 1d b9 00 00 24 f9 04 00 00 00 
00 ff ff ff ff 00 00 00 00

..............J..........D.o.g.g.e.........../.....N.U.L.L.................y.....(.../...(.................y.4.y.(.....y......$...............Yf.........W.i.g.g.l.e.B.u.t.t.......N.U.L.L.................y.....(.../...(.................y.4.y.(.....y......$..............
