SData | S:1 | L:1229
Hdata | Size:1229 | PID: c26(UF2C::ACK_LOGIN)
Flags | Normal:1 | Ping:0 | Encrypted:1 | Compressed:0 |
b9 04 00 00 26 0c 00 00 00 ac 04 01 00 00 00 00 00 00 00 00 
00 00 00 00 00 00 00 00 00 00 00 00 00 00 00 00 00 00 00 00 
00 00 00 00 00 00 00 00 00 00 00 00 00 00 00 35 34 2e 31 39 
33 2e 37 30 2e 35 35 00 00 00 00 00 00 00 00 00 00 00 00 00 
00 00 00 00 00 00 00 00 00 00 00 00 00 00 00 4d 4f c6 02 fd 
57 00 00 00 00 28 00 41 00 4c 00 4c 00 41 00 48 00 4b 00 41 
00 5a 00 41 00 4d 00 00 00 f4 c8 95 2c 61 d0 01 00 00 00 00 
00 53 06 00 00 b0 04 00 00 00 00 b0 04 b0 04 b0 04 00 00 00 
00 00 00 00 00 7b 22 41 75 74 6f 45 6e 74 65 72 50 75 62 6c 
69 63 43 68 61 6e 6e 65 6c 54 79 70 65 22 3a 22 31 22 2c 22 
46 50 53 22 3a 22 31 22 2c 22 46 69 6c 74 65 72 50 61 72 74 
69 63 75 6c 61 72 57 68 69 73 70 65 72 22 3a 22 22 2c 22 4c 
61 73 74 43 6c 61 73 73 22 3a 22 30 22 2c 22 4c 61 73 74 43 
75 73 74 6f 6d 4d 6f 64 22 3a 22 30 22 2c 22 50 49 4e 47 22 
3a 22 31 22 2c 22 50 72 69 6e 74 43 68 61 74 54 69 6d 65 53 
74 61 6d 70 22 3a 22 22 2c 22 55 49 47 75 69 64 65 22 3a 22 
54 55 54 4f 52 49 41 4c 5f 45 4e 44 22 7d 0a 00 00 00 00 00 
00 00 00 00 00 00 00 00 00 00 00 00 00 00 00 00 00 00 00 00 
00 00 00 00 00 00 00 00 00 00 00 00 00 00 00 00 00 00 00 00 
00 00 00 00 00 00 00 00 00 00 00 00 00 00 00 00 00 00 00 00 
00 00 00 00 00 00 00 00 00 00 00 00 00 00 00 00 00 00 00 00 
00 00 00 00 00 00 00 00 00 00 00 00 00 00 00 00 00 00 00 00 
00 00 00 00 00 00 00 00 00 00 00 00 00 00 00 00 00 00 00 00 
00 00 00 00 00 00 00 00 00 00 00 00 00 00 00 00 00 00 00 00 
00 00 00 00 00 00 00 00 00 00 00 00 00 00 00 00 00 00 00 00 
00 00 00 00 00 00 00 00 00 00 00 00 00 00 00 00 00 00 00 00 
00 00 00 00 00 00 00 00 00 00 00 00 00 00 00 00 00 00 00 00 
00 00 00 00 00 00 00 00 00 00 00 00 00 00 00 00 00 00 00 00 
00 00 00 00 00 00 00 00 00 00 00 00 00 00 00 00 00 00 00 00 
00 00 00 00 00 00 00 00 00 00 00 00 00 00 00 00 00 00 00 00 
00 00 00 00 00 00 00 00 00 00 00 00 00 00 00 00 00 00 00 00 
00 00 00 00 00 00 00 00 00 00 00 00 00 00 00 00 00 00 00 00 
00 00 00 00 00 00 00 00 00 00 00 00 00 00 00 00 00 00 00 00 
00 00 00 00 00 00 00 00 00 00 00 00 00 00 00 00 00 00 00 00 
00 00 00 00 00 00 00 00 00 00 00 00 00 00 00 00 00 00 00 00 
00 00 00 00 00 00 00 00 00 00 00 00 00 00 00 00 00 00 00 00 
00 00 00 00 00 00 00 00 00 00 00 00 00 00 00 00 00 00 00 00 
00 00 00 00 00 00 00 00 00 00 00 00 00 00 00 00 00 00 00 00 
00 00 00 00 00 00 00 00 00 00 00 00 00 00 00 00 00 00 00 00 
00 00 00 00 00 00 00 00 00 00 00 00 00 00 00 00 00 00 00 00 
00 00 00 00 00 00 00 00 00 00 00 00 00 00 00 00 00 00 00 00 
00 00 00 00 00 00 00 00 00 00 00 00 00 00 00 00 00 00 00 00 
00 00 00 00 00 00 00 00 00 00 00 00 00 00 00 00 00 00 00 00 
00 00 00 00 00 00 00 00 00 00 00 00 00 00 00 00 00 00 00 00 
00 00 00 00 00 00 00 00 00 00 00 00 00 00 00 00 00 00 00 00 
00 00 00 00 00 00 00 00 00 00 00 00 00 00 00 00 00 00 00 00 
00 00 00 00 00 00 00 00 00 00 00 00 00 00 00 00 00 00 00 00 
00 00 00 00 00 00 00 00 00 00 00 00 00 00 00 00 00 00 00 00 
00 00 00 00 00 00 00 00 00 00 00 00 00 00 00 00 00 00 00 00 
00 00 00 00 00 00 00 00 00 00 00 00 00 00 00 00 00 00 00 00 
00 00 00 00 00 00 00 00 00 00 00 00 00 00 00 00 00 00 00 00 
00 00 00 00 00 00 00 00 00 00 00 00 00 00 00 00 00 00 00 00 
00 00 00 00 00 00 00 00 00 00 00 00 00 00 00 00 00 00 00 00 
00 00 00 00 00 00 00 00 00 00 00 00 00 00 00 00 00 00 00 00 
00 00 00 00 00 00 00 00 00 00 00 00 00 00 00 00 00 00 00 00 
00 00 00 00 00 00 00 00 00 00 00 00 00 00 00 00 00 00 00 00 
00 00 00 00 00 00 00 00 00 00 00 00 00 00 00 00 00 00 00 00 
00 00 00 00 00 00 00 00 00 00 00 00 00 00 00 00 00 00 00 00 
00 00 00 00 00 00 00 00 00 00 00 00 00 00 00 00 00 00 00 00 
00 00 00 00 00 00 00 00 00 03 00 00 00 0e 00 00 00 00 00 00 
00 01 01 00 00 01 00 00 00

....&..................................................54.193.70.55............................MO...W....(.A.L.L.A.H.K.A.Z.A.M......,a.......S.......................{"AutoEnterPublicChannelType":"1","FPS":"1","FilterParticularWhisper":"","LastClass":"0","LastCustomMod":"0","PING":"1","PrintChatTimeStamp":"","UIGuide":"TUTORIAL_END"}...........................................................................................................................................................................................................................................................................................................................................................................................................................................................................................................................................................................................................................................................................................................................................................................................................................................................................................................


SData | S:1 | L:1229
Hdata | Size:1229 | PID: c26(UF2C::ACK_LOGIN)
Flags | Normal:1 | Ping:0 | Encrypted:1 | Compressed:0 |
b9 04 00 00 26 0c 00 00 00 ac 04 01 00 00 00 00 00 00 00 00 
00 00 00 00 00 00 00 00 00 00 00 00 00 00 00 00 00 00 00 00 
00 00 00 00 00 00 00 00 00 00 00 00 00 00 00 35 34 2e 31 39 
33 2e 37 30 2e 35 35 00 00 00 00 00 00 00 00 00 00 00 00 00 
00 00 00 00 00 00 00 00 00 00 00 00 00 00 00 4d 4f df 04 fd 
57 00 00 00 00 28 00 41 00 4c 00 4c 00 41 00 48 00 4b 00 41 
00 5a 00 41 00 4d 00 00 00 0c 00 00 00 61 d0 01 00 00 00 00 
00 53 06 00 00 b0 04 00 00 00 00 b0 04 b0 04 b0 04 00 00 00 
00 00 00 00 00 7b 22 41 75 74 6f 45 6e 74 65 72 50 75 62 6c 
69 63 43 68 61 6e 6e 65 6c 54 79 70 65 22 3a 22 31 22 2c 22 
46 50 53 22 3a 22 31 22 2c 22 46 69 6c 74 65 72 50 61 72 74 
69 63 75 6c 61 72 57 68 69 73 70 65 72 22 3a 22 22 2c 22 4c 
61 73 74 43 6c 61 73 73 22 3a 22 30 22 2c 22 4c 61 73 74 43 
75 73 74 6f 6d 4d 6f 64 22 3a 22 30 22 2c 22 50 49 4e 47 22 
3a 22 31 22 2c 22 50 72 69 6e 74 43 68 61 74 54 69 6d 65 53 
74 61 6d 70 22 3a 22 22 2c 22 55 49 47 75 69 64 65 22 3a 22 
54 55 54 4f 52 49 41 4c 5f 45 4e 44 22 7d 0a 00 00 00 00 00 
00 00 00 00 00 00 00 00 00 00 00 00 00 00 00 00 00 00 00 00 
00 00 00 00 00 00 00 00 00 00 00 00 00 00 00 00 00 00 00 00 
00 00 00 00 00 00 00 00 00 00 00 00 00 00 00 00 00 00 00 00 
00 00 00 00 00 00 00 00 00 00 00 00 00 00 00 00 00 00 00 00 
00 00 00 00 00 00 00 00 00 00 00 00 00 00 00 00 00 00 00 00 
00 00 00 00 00 00 00 00 00 00 00 00 00 00 00 00 00 00 00 00 
00 00 00 00 00 00 00 00 00 00 00 00 00 00 00 00 00 00 00 00 
00 00 00 00 00 00 00 00 00 00 00 00 00 00 00 00 00 00 00 00 
00 00 00 00 00 00 00 00 00 00 00 00 00 00 00 00 00 00 00 00 
00 00 00 00 00 00 00 00 00 00 00 00 00 00 00 00 00 00 00 00 
00 00 00 00 00 00 00 00 00 00 00 00 00 00 00 00 00 00 00 00 
00 00 00 00 00 00 00 00 00 00 00 00 00 00 00 00 00 00 00 00 
00 00 00 00 00 00 00 00 00 00 00 00 00 00 00 00 00 00 00 00 
00 00 00 00 00 00 00 00 00 00 00 00 00 00 00 00 00 00 00 00 
00 00 00 00 00 00 00 00 00 00 00 00 00 00 00 00 00 00 00 00 
00 00 00 00 00 00 00 00 00 00 00 00 00 00 00 00 00 00 00 00 
00 00 00 00 00 00 00 00 00 00 00 00 00 00 00 00 00 00 00 00 
00 00 00 00 00 00 00 00 00 00 00 00 00 00 00 00 00 00 00 00 
00 00 00 00 00 00 00 00 00 00 00 00 00 00 00 00 00 00 00 00 
00 00 00 00 00 00 00 00 00 00 00 00 00 00 00 00 00 00 00 00 
00 00 00 00 00 00 00 00 00 00 00 00 00 00 00 00 00 00 00 00 
00 00 00 00 00 00 00 00 00 00 00 00 00 00 00 00 00 00 00 00 
00 00 00 00 00 00 00 00 00 00 00 00 00 00 00 00 00 00 00 00 
00 00 00 00 00 00 00 00 00 00 00 00 00 00 00 00 00 00 00 00 
00 00 00 00 00 00 00 00 00 00 00 00 00 00 00 00 00 00 00 00 
00 00 00 00 00 00 00 00 00 00 00 00 00 00 00 00 00 00 00 00 
00 00 00 00 00 00 00 00 00 00 00 00 00 00 00 00 00 00 00 00 
00 00 00 00 00 00 00 00 00 00 00 00 00 00 00 00 00 00 00 00 
00 00 00 00 00 00 00 00 00 00 00 00 00 00 00 00 00 00 00 00 
00 00 00 00 00 00 00 00 00 00 00 00 00 00 00 00 00 00 00 00 
00 00 00 00 00 00 00 00 00 00 00 00 00 00 00 00 00 00 00 00 
00 00 00 00 00 00 00 00 00 00 00 00 00 00 00 00 00 00 00 00 
00 00 00 00 00 00 00 00 00 00 00 00 00 00 00 00 00 00 00 00 
00 00 00 00 00 00 00 00 00 00 00 00 00 00 00 00 00 00 00 00 
00 00 00 00 00 00 00 00 00 00 00 00 00 00 00 00 00 00 00 00 
00 00 00 00 00 00 00 00 00 00 00 00 00 00 00 00 00 00 00 00 
00 00 00 00 00 00 00 00 00 00 00 00 00 00 00 00 00 00 00 00 
00 00 00 00 00 00 00 00 00 00 00 00 00 00 00 00 00 00 00 00 
00 00 00 00 00 00 00 00 00 00 00 00 00 00 00 00 00 00 00 00 
00 00 00 00 00 00 00 00 00 00 00 00 00 00 00 00 00 00 00 00 
00 00 00 00 00 00 00 00 00 00 00 00 00 00 00 00 00 00 00 00 
00 00 00 00 00 00 00 00 00 00 00 00 00 00 00 00 00 00 00 00 
00 00 00 00 00 00 00 00 00 03 00 00 00 0e 00 00 00 00 00 00 
00 01 01 00 00 01 00 00 00

....&..................................................54.193.70.55............................MO...W....(.A.L.L.A.H.K.A.Z.A.M.......a.......S.......................{"AutoEnterPublicChannelType":"1","FPS":"1","FilterParticularWhisper":"","LastClass":"0","LastCustomMod":"0","PING":"1","PrintChatTimeStamp":"","UIGuide":"TUTORIAL_END"}...........................................................................................................................................................................................................................................................................................................................................................................................................................................................................................................................................................................................................................................................................................................................................................................................................................................................................................................


SData | S:1 | L:1229
Hdata | Size:1229 | PID: c26(UF2C::ACK_LOGIN)
1101011110001101000000101001
Flags | Normal:1 | Ping:0 | Encrypted:1 | Compressed:0 |
b9 04 00 00 26 0c 00 00 00 ac 04 01 00 00 00 00 00 00 00 00 
00 00 00 00 00 00 00 00 00 00 00 00 00 00 00 00 00 00 00 00 
00 00 00 00 00 00 00 00 00 00 00 00 00 00 00 35 34 2e 31 39 
33 2e 37 30 2e 35 35 00 00 00 00 00 00 00 00 00 00 00 00 00 
00 00 00 00 00 00 00 00 00 00 00 00 00 00 00 4d 4f e2 04 fd 
57 00 00 00 00 28 00 41 00 4c 00 4c 00 41 00 48 00 4b 00 41 
00 5a 00 41 00 4d 00 00 00 2c 8e 95 2c 61 d0 01 00 00 00 00 
00 53 06 00 00 b0 04 00 00 00 00 b0 04 b0 04 b0 04 00 00 00 
00 00 00 00 00 7b 22 41 75 74 6f 45 6e 74 65 72 50 75 62 6c 
69 63 43 68 61 6e 6e 65 6c 54 79 70 65 22 3a 22 31 22 2c 22 
46 50 53 22 3a 22 31 22 2c 22 46 69 6c 74 65 72 50 61 72 74 
69 63 75 6c 61 72 57 68 69 73 70 65 72 22 3a 22 22 2c 22 4c 
61 73 74 43 6c 61 73 73 22 3a 22 30 22 2c 22 4c 61 73 74 43 
75 73 74 6f 6d 4d 6f 64 22 3a 22 30 22 2c 22 50 49 4e 47 22 
3a 22 31 22 2c 22 50 72 69 6e 74 43 68 61 74 54 69 6d 65 53 
74 61 6d 70 22 3a 22 22 2c 22 55 49 47 75 69 64 65 22 3a 22 
54 55 54 4f 52 49 41 4c 5f 45 4e 44 22 7d 0a 00 00 00 00 00 
00 00 00 00 00 00 00 00 00 00 00 00 00 00 00 00 00 00 00 00 
00 00 00 00 00 00 00 00 00 00 00 00 00 00 00 00 00 00 00 00 
00 00 00 00 00 00 00 00 00 00 00 00 00 00 00 00 00 00 00 00 
00 00 00 00 00 00 00 00 00 00 00 00 00 00 00 00 00 00 00 00 
00 00 00 00 00 00 00 00 00 00 00 00 00 00 00 00 00 00 00 00 
00 00 00 00 00 00 00 00 00 00 00 00 00 00 00 00 00 00 00 00 
00 00 00 00 00 00 00 00 00 00 00 00 00 00 00 00 00 00 00 00 
00 00 00 00 00 00 00 00 00 00 00 00 00 00 00 00 00 00 00 00 
00 00 00 00 00 00 00 00 00 00 00 00 00 00 00 00 00 00 00 00 
00 00 00 00 00 00 00 00 00 00 00 00 00 00 00 00 00 00 00 00 
00 00 00 00 00 00 00 00 00 00 00 00 00 00 00 00 00 00 00 00 
00 00 00 00 00 00 00 00 00 00 00 00 00 00 00 00 00 00 00 00 
00 00 00 00 00 00 00 00 00 00 00 00 00 00 00 00 00 00 00 00 
00 00 00 00 00 00 00 00 00 00 00 00 00 00 00 00 00 00 00 00 
00 00 00 00 00 00 00 00 00 00 00 00 00 00 00 00 00 00 00 00 
00 00 00 00 00 00 00 00 00 00 00 00 00 00 00 00 00 00 00 00 
00 00 00 00 00 00 00 00 00 00 00 00 00 00 00 00 00 00 00 00 
00 00 00 00 00 00 00 00 00 00 00 00 00 00 00 00 00 00 00 00 
00 00 00 00 00 00 00 00 00 00 00 00 00 00 00 00 00 00 00 00 
00 00 00 00 00 00 00 00 00 00 00 00 00 00 00 00 00 00 00 00 
00 00 00 00 00 00 00 00 00 00 00 00 00 00 00 00 00 00 00 00 
00 00 00 00 00 00 00 00 00 00 00 00 00 00 00 00 00 00 00 00 
00 00 00 00 00 00 00 00 00 00 00 00 00 00 00 00 00 00 00 00 
00 00 00 00 00 00 00 00 00 00 00 00 00 00 00 00 00 00 00 00 
00 00 00 00 00 00 00 00 00 00 00 00 00 00 00 00 00 00 00 00 
00 00 00 00 00 00 00 00 00 00 00 00 00 00 00 00 00 00 00 00 
00 00 00 00 00 00 00 00 00 00 00 00 00 00 00 00 00 00 00 00 
00 00 00 00 00 00 00 00 00 00 00 00 00 00 00 00 00 00 00 00 
00 00 00 00 00 00 00 00 00 00 00 00 00 00 00 00 00 00 00 00 
00 00 00 00 00 00 00 00 00 00 00 00 00 00 00 00 00 00 00 00 
00 00 00 00 00 00 00 00 00 00 00 00 00 00 00 00 00 00 00 00 
00 00 00 00 00 00 00 00 00 00 00 00 00 00 00 00 00 00 00 00 
00 00 00 00 00 00 00 00 00 00 00 00 00 00 00 00 00 00 00 00 
00 00 00 00 00 00 00 00 00 00 00 00 00 00 00 00 00 00 00 00 
00 00 00 00 00 00 00 00 00 00 00 00 00 00 00 00 00 00 00 00 
00 00 00 00 00 00 00 00 00 00 00 00 00 00 00 00 00 00 00 00 
00 00 00 00 00 00 00 00 00 00 00 00 00 00 00 00 00 00 00 00 
00 00 00 00 00 00 00 00 00 00 00 00 00 00 00 00 00 00 00 00 
00 00 00 00 00 00 00 00 00 00 00 00 00 00 00 00 00 00 00 00 
00 00 00 00 00 00 00 00 00 00 00 00 00 00 00 00 00 00 00 00 
00 00 00 00 00 00 00 00 00 00 00 00 00 00 00 00 00 00 00 00 
00 00 00 00 00 00 00 00 00 00 00 00 00 00 00 00 00 00 00 00 
00 00 00 00 00 00 00 00 00 03 00 00 00 0e 00 00 00 00 00 00 
00 01 01 00 00 01 00 00 00

....&..................................................54.193.70.55............................MO...W....(.A.L.L.A.H.K.A.Z.A.M...,..,a.......S.......................{"AutoEnterPublicChannelType":"1","FPS":"1","FilterParticularWhisper":"","LastClass":"0","LastCustomMod":"0","PING":"1","PrintChatTimeStamp":"","UIGuide":"TUTORIAL_END"}...........................................................................................................................................................................................................................................................................................................................................................................................................................................................................................................................................................................................................................................................................................................................................................................................................................................................................................................


SData | S:1 | L:1229
Hdata | Size:1229 | PID: c26(UF2C::ACK_LOGIN)
10000000001011100100000101001
Flags | Normal:1 | Ping:0 | Encrypted:1 | Compressed:0 |
b9 04 00 00 26 0c 00 00 00 ac 04 01 00 00 00 00 00 00 00 00 
00 00 00 00 00 00 00 00 00 00 00 00 00 00 00 00 00 00 00 00 
00 00 00 00 00 00 00 00 00 00 00 00 00 00 00 35 34 2e 31 39 
33 2e 37 30 2e 35 35 00 00 00 00 00 00 00 00 00 00 00 00 00 
00 00 00 00 00 00 00 00 00 00 00 00 00 00 00 4d 4f e3 04 fd 
57 00 00 00 00 28 00 41 00 4c 00 4c 00 41 00 48 00 4b 00 41 
00 5a 00 41 00 4d 00 00 00 05 00 00 00 61 d0 01 00 00 00 00 
00 53 06 00 00 b0 04 00 00 00 00 b0 04 b0 04 b0 04 00 00 00 
00 00 00 00 00 7b 22 41 75 74 6f 45 6e 74 65 72 50 75 62 6c 
69 63 43 68 61 6e 6e 65 6c 54 79 70 65 22 3a 22 31 22 2c 22 
46 50 53 22 3a 22 31 22 2c 22 46 69 6c 74 65 72 50 61 72 74 
69 63 75 6c 61 72 57 68 69 73 70 65 72 22 3a 22 22 2c 22 4c 
61 73 74 43 6c 61 73 73 22 3a 22 30 22 2c 22 4c 61 73 74 43 
75 73 74 6f 6d 4d 6f 64 22 3a 22 30 22 2c 22 50 49 4e 47 22 
3a 22 31 22 2c 22 50 72 69 6e 74 43 68 61 74 54 69 6d 65 53 
74 61 6d 70 22 3a 22 22 2c 22 55 49 47 75 69 64 65 22 3a 22 
54 55 54 4f 52 49 41 4c 5f 45 4e 44 22 7d 0a 00 00 00 00 00 
00 00 00 00 00 00 00 00 00 00 00 00 00 00 00 00 00 00 00 00 
00 00 00 00 00 00 00 00 00 00 00 00 00 00 00 00 00 00 00 00 
00 00 00 00 00 00 00 00 00 00 00 00 00 00 00 00 00 00 00 00 
00 00 00 00 00 00 00 00 00 00 00 00 00 00 00 00 00 00 00 00 
00 00 00 00 00 00 00 00 00 00 00 00 00 00 00 00 00 00 00 00 
00 00 00 00 00 00 00 00 00 00 00 00 00 00 00 00 00 00 00 00 
00 00 00 00 00 00 00 00 00 00 00 00 00 00 00 00 00 00 00 00 
00 00 00 00 00 00 00 00 00 00 00 00 00 00 00 00 00 00 00 00 
00 00 00 00 00 00 00 00 00 00 00 00 00 00 00 00 00 00 00 00 
00 00 00 00 00 00 00 00 00 00 00 00 00 00 00 00 00 00 00 00 
00 00 00 00 00 00 00 00 00 00 00 00 00 00 00 00 00 00 00 00 
00 00 00 00 00 00 00 00 00 00 00 00 00 00 00 00 00 00 00 00 
00 00 00 00 00 00 00 00 00 00 00 00 00 00 00 00 00 00 00 00 
00 00 00 00 00 00 00 00 00 00 00 00 00 00 00 00 00 00 00 00 
00 00 00 00 00 00 00 00 00 00 00 00 00 00 00 00 00 00 00 00 
00 00 00 00 00 00 00 00 00 00 00 00 00 00 00 00 00 00 00 00 
00 00 00 00 00 00 00 00 00 00 00 00 00 00 00 00 00 00 00 00 
00 00 00 00 00 00 00 00 00 00 00 00 00 00 00 00 00 00 00 00 
00 00 00 00 00 00 00 00 00 00 00 00 00 00 00 00 00 00 00 00 
00 00 00 00 00 00 00 00 00 00 00 00 00 00 00 00 00 00 00 00 
00 00 00 00 00 00 00 00 00 00 00 00 00 00 00 00 00 00 00 00 
00 00 00 00 00 00 00 00 00 00 00 00 00 00 00 00 00 00 00 00 
00 00 00 00 00 00 00 00 00 00 00 00 00 00 00 00 00 00 00 00 
00 00 00 00 00 00 00 00 00 00 00 00 00 00 00 00 00 00 00 00 
00 00 00 00 00 00 00 00 00 00 00 00 00 00 00 00 00 00 00 00 
00 00 00 00 00 00 00 00 00 00 00 00 00 00 00 00 00 00 00 00 
00 00 00 00 00 00 00 00 00 00 00 00 00 00 00 00 00 00 00 00 
00 00 00 00 00 00 00 00 00 00 00 00 00 00 00 00 00 00 00 00 
00 00 00 00 00 00 00 00 00 00 00 00 00 00 00 00 00 00 00 00 
00 00 00 00 00 00 00 00 00 00 00 00 00 00 00 00 00 00 00 00 
00 00 00 00 00 00 00 00 00 00 00 00 00 00 00 00 00 00 00 00 
00 00 00 00 00 00 00 00 00 00 00 00 00 00 00 00 00 00 00 00 
00 00 00 00 00 00 00 00 00 00 00 00 00 00 00 00 00 00 00 00 
00 00 00 00 00 00 00 00 00 00 00 00 00 00 00 00 00 00 00 00 
00 00 00 00 00 00 00 00 00 00 00 00 00 00 00 00 00 00 00 00 
00 00 00 00 00 00 00 00 00 00 00 00 00 00 00 00 00 00 00 00 
00 00 00 00 00 00 00 00 00 00 00 00 00 00 00 00 00 00 00 00 
00 00 00 00 00 00 00 00 00 00 00 00 00 00 00 00 00 00 00 00 
00 00 00 00 00 00 00 00 00 00 00 00 00 00 00 00 00 00 00 00 
00 00 00 00 00 00 00 00 00 00 00 00 00 00 00 00 00 00 00 00 
00 00 00 00 00 00 00 00 00 00 00 00 00 00 00 00 00 00 00 00 
00 00 00 00 00 00 00 00 00 00 00 00 00 00 00 00 00 00 00 00 
00 00 00 00 00 00 00 00 00 03 00 00 00 0e 00 00 00 00 00 00 
00 01 01 00 00 01 00 00 00

....&..................................................54.193.70.55............................MO...W....(.A.L.L.A.H.K.A.Z.A.M.......a.......S.......................{"AutoEnterPublicChannelType":"1","FPS":"1","FilterParticularWhisper":"","LastClass":"0","LastCustomMod":"0","PING":"1","PrintChatTimeStamp":"","UIGuide":"TUTORIAL_END"}...........................................................................................................................................................................................................................................................................................................................................................................................................................................................................................................................................................................................................................................................................................................................................................................................................................................................................................................
