SData | S:1 | L:889
Hdata | Size:889 | PID: df2(UF2C::NTF_ITEM_INSTANCE_LIST)
Flags | Normal:1 | Ping:0 | Encrypted:1 | Compressed:1 |
bf 10 00 00 f2 0d 00 00 00 01 00 00 00 46 00 3d 00 94 00 e7 
00 13 8d b3 f2 00 00 00 00 0e 8d b3 f2 00 00 00 00 99 2e 9b 
70 00 02 00 00 00 01 00 00 00 00 00 00 20 00 00 00 ce 00 00 
00 fe 00 00 00 00 00 00 00 00 00 00 00 00 00 00 00 00 66 50 
e9 54 00 00 00 00 00 94 00 e7 00 d3 87 b3 f2 00 00 00 00 d1 
87 b3 f2 00 00 00 00 9a 2e 9b 70 00 02 00 00 00 01 00 00 00 
00 00 00 20 00 00 00 ce 00 00 00 fe 00 00 00 00 00 00 00 00 
00 00 00 00 00 00 00 00 96 4d e9 54 00 00 00 00 00 94 00 e7 
00 e0 8f 1d f0 00 00 00 00 15 ce 74 f0 00 00 00 00 0b 56 a6 
70 00 09 00 00 00 01 00 00 00 00 00 00 20 00 00 00 ce 00 00 
00 fe 00 00 00 00 00 00 00 00 00 00 00 00 00 00 00 00 9a a3 
cb 54 00 00 00 00 00 94 00 e7 00 e0 8f 1d f0 00 00 00 00 ad 
87 75 f0 00 00 00 00 09 56 a6 70 00 29 00 00 00 01 00 00 00 
00 00 00 20 00 00 00 ce 00 00 00 fe 00 00 00 00 00 00 00 00 
00 00 00 00 00 00 00 00 1d d1 cb 54 00 00 00 00 00 94 00 e7 
00 13 8d b3 f2 00 00 00 00 0a 8d b3 f2 00 00 00 00 54 6b 9a 
70 00 22 00 00 00 01 00 00 00 00 00 00 20 00 00 00 ce 00 00 
00 fe 00 00 00 00 00 00 00 00 00 00 00 00 00 00 00 00 66 50 
e9 54 00 00 00 00 00 94 00 e7 00 e0 8f 1d f0 00 00 00 00 d8 
8f 1d f0 00 00 00 00 41 6b 9a 70 00 22 00 00 00 01 00 00 00 
00 00 00 20 00 00 00 ce 00 00 00 fe 00 00 00 00 00 00 00 00 
00 00 00 00 00 00 00 00 1d 88 cb 54 00 00 00 00 00 94 00 e7 
00 b2 f8 b9 ee 00 00 00 00 af 44 b3 f2 00 00 00 00 48 6b 9a 
70 00 22 00 00 00 01 00 00 00 02 00 00 20 70 62 00 ce 23 5f 
00 fe 00 00 00 00 00 00 00 00 00 00 00 00 00 00 00 00 98 28 
e9 54 00 00 00 00 00 94 00 e7 00 b2 76 26 0e 01 00 00 00 aa 
76 26 0e 01 00 00 00 49 6b 9a 70 00 22 00 00 00 01 00 00 00 
00 00 00 20 00 00 00 ce 00 00 00 fe 00 00 00 00 00 00 00 00 
00 00 00 00 00 00 00 00 77 71 74 56 00 00 00 00 00 94 00 e7 
00 b2 76 26 0e 01 00 00 00 ab 76 26 0e 01 00 00 00 59 92 9a 
70 00 42 00 00 00 01 00 00 00 00 00 00 20 00 00 00 ce 00 00 
00 fe 00 00 00 00 00 00 00 00 00 00 00 00 00 00 00 00 77 71 
74 56 00 00 00 00 00 94 00 e7 00 b2 f8 b9 ee 00 00 00 00 b0 
44 b3 f2 00 00 00 00 58 92 9a 70 00 42 00 00 00 01 00 00 00 
02 00 00 20 70 62 00 ce 23 5f 00 fe 00 00 00 00 00 00 00 00 
00 00 00 00 00 00 00 00 98 28 e9 54 00 00 00 00 00 94 00 e7 
00 e0 8f 1d f0 00 00 00 00 d9 8f 1d f0 00 00 00 00 51 92 9a 
70 00 42 00 00 00 01 00 00 00 00 00 00 20 00 00 00 ce 00 00 
00 fe 00 00 00 00 00 00 00 00 00 00 00 00 00 00 00 00 1d 88 
cb 54 00 00 00 00 00 94 00 e7 00 e0 8f 1d f0 00 00 00 00 ae 
87 75 f0 00 00 00 00 0a 56 a6 70 00 49 00 00 00 01 00 00 00 
00 00 00 20 00 00 00 ce 00 00 00 fe 00 00 00 00 00 00 00 00 
00 00 00 00 00 00 00 00 1d d1 cb 54 00 00 00 00 00 94 00 e7 
00 d3 87 b3 f2 00 00 00 00 cb 87 b3 f2 00 00 00 00 68 92 9a 
70 00 42 00 00 00 01 00 00 00 00 00 00 20 00 00 00 ce 00 00 
00 fe 00 00 00 00 00 00 00 00 00 00 00 00 00 00 00 00 96 4d 
e9 54 00 00 00 00 00 94 00 e7 00 d3 87 b3 f2 00 00 00 00 cc 
87 b3 f2 00 00 00 00 78 b9 9a 70 00 62 00 00 00 01 00 00 00 
00 00 00 20 00 00 00 ce 00 00 00 fe 00 00 00 00 00 00 00 00 
00 00 00 00 00 00 00 00 96 4d e9 54 00 00 00 00 00 94 00 e7 
00 58 36 a9 f4 00 00 00 00 52 36 a9 f4 00 00 00 00 70 b9 9a 
70 00 62 00 00 00 01 00 00 00 00 00 00 20 00 00 00 ce 00 00 
00 fe 00 00 00 00 00 00 00 00 00 00 00 00 00 00 00 00 3c e9 
0b 55 00 00 00 00 00 94 00 e7 00 e0 8f 1d f0 00 00 00 00 43 
01 76 f0 00 00 00 00 f4 59 a6 70 00 69 00 00 00 01 00 00 00 
00 00 00 20 00 00 00 ce 00 00 00 fe 00 00 00 00 00 00 00 00 
00 00 00 00 00 00 00 00 4b ed cb 54 00 00 00 00 00 94 00 e7 
00 e0 8f 1d f0 00 00 00 00 da 8f 1d f0 00 00 00 00 61 b9 9a 
70 00 62 00 00 00 01 00 00 00 00 00 00 20 00 00 00 ce 00 00 
00 fe 00 00 00 00 00 00 00 00 00 00 00 00 00 00 00 00 1d 88 
cb 54 00 00 00 00 00 94 00 e7 00 b2 f8 b9 ee 00 00 00 00 b1 
44 b3 f2 00 00 00 00 68 b9 9a 70 00 62 00 00 00 01 00 00 00 
02 00 00 20 70 62 00 ce 23 5f 00 fe 00 00 00 00 00 00 00 00 
00 00 00 00 00 00 00 00 98 28 e9 54 00 00 00 00 00 94 00 e7 
00 13 8d b3 f2 00 00 00 00 0c 8d b3 f2 00 00 00 00 74 b9 9a 
70 00 62 00 00 00 01 00 00 00 00 00 00 20 00 00 00 ce 00 00 
00 fe 00 00 00 00 00 00 00 00 00 00 00 00 00 00 00 00 66 50 
e9 54 00 00 00 00 00 94 00 e7 00 b2 76 26 0e 01 00 00 00 ac 
76 26 0e 01 00 00 00 69 b9 9a 70 00 62 00 00 00 01 00 00 00 
00 00 00 20 00 00 00 ce 00 00 00 fe 00 00 00 00 00 00 00 00 
00 00 00 00 00 00 00 00 77 71 74 56 00 00 00 00 00 94 00 e7 
00 b2 76 26 0e 01 00 00 00 ad 76 26 0e 01 00 00 00 79 e0 9a 
70 00 82 00 00 00 01 00 00 00 00 00 00 20 00 00 00 ce 00 00 
00 fe 00 00 00 00 00 00 00 00 00 00 00 00 00 00 00 00 77 71 
74 56 00 00 00 00 00 94 00 e7 00 58 36 a9 f4 00 00 00 00 53 
36 a9 f4 00 00 00 00 80 e0 9a 70 00 82 00 00 00 01 00 00 00 
00 00 00 20 00 00 00 ce 00 00 00 fe 00 00 00 00 00 00 00 00 
00 00 00 00 00 00 00 00 3c e9 0b 55 00 00 00 00 00 94 00 e7 
00 13 8d b3 f2 00 00 00 00 0d 8d b3 f2 00 00 00 00 84 e0 9a 
70 00 82 00 00 00 01 00 00 00 00 00 00 20 00 00 00 ce 00 00 
00 fe 00 00 00 00 00 00 00 00 00 00 00 00 00 00 00 00 66 50 
e9 54 00 00 00 00 00 94 00 e7 00 b2 f8 b9 ee 00 00 00 00 b2 
44 b3 f2 00 00 00 00 78 e0 9a 70 00 82 00 00 00 01 00 00 00 
02 00 00 20 70 62 00 ce 23 5f 00 fe 00 00 00 00 00 00 00 00 
00 00 00 00 00 00 00 00 98 28 e9 54 00 00 00 00 00 94 00 e7 
00 e0 8f 1d f0 00 00 00 00 db 8f 1d f0 00 00 00 00 71 e0 9a 
70 00 82 00 00 00 01 00 00 00 00 00 00 20 00 00 00 ce 00 00 
00 fe 00 00 00 00 00 00 00 00 00 00 00 00 00 00 00 00 1d 88 
cb 54 00 00 00 00 00 94 00 e7 00 e0 8f 1d f0 00 00 00 00 96 
69 76 f0 00 00 00 00 f1 59 a6 70 00 89 00 00 00 01 00 00 00 
00 00 00 20 00 00 00 ce 00 00 00 fe 00 00 00 00 00 00 00 00 
00 00 00 00 00 00 00 00 2d 09 cc 54 00 00 00 00 00 94 00 e7 
00 b2 f8 b9 ee 00 00 00 00 ae 09 77 f0 00 00 00 00 0b 56 a6 
70 00 a9 00 00 00 01 00 00 00 00 00 00 20 00 00 00 ce 00 00 
00 fe 00 00 00 00 00 00 00 00 00 00 00 00 00 00 00 00 20 3b 
cc 54 00 00 00 00 00 94 00 e7 00 b2 f8 b9 ee 00 00 00 00 8c 
93 78 f0 00 00 00 00 09 56 a6 70 00 c9 00 00 00 01 00 00 00 
00 00 00 20 00 00 00 ce 00 00 00 fe 00 00 00 00 00 00 00 00 
00 00 00 00 00 00 00 00 d0 d2 cc 54 00 00 00 00 00 94 00 e7 
00 00 00 00 00 00 00 00 00 1f 1e d5 ee 00 00 00 00 f1 dc a5 
70 00 c6 00 00 00 61 00 00 00 03 00 00 20 00 00 00 ce 00 00 
00 fe 00 00 00 00 00 00 00 00 00 00 00 00 00 00 00 00 7a ab 
b6 54 00 00 00 00 00 94 00 e7 00 00 00 00 00 00 00 00 00 20 
1e d5 ee 00 00 00 00 02 04 a6 70 00 e6 00 00 00 05 00 00 00 
03 00 00 20 00 00 00 ce 00 00 00 fe 00 00 00 00 00 00 00 00 
00 00 00 00 00 00 00 00 7a ab b6 54 00 00 00 00 00 94 00 e7 
00 b2 f8 b9 ee 00 00 00 00 8d 93 78 f0 00 00 00 00 0a 56 a6 
70 00 e9 00 00 00 01 00 00 00 00 00 00 20 00 00 00 ce 00 00 
00 fe 00 00 00 00 00 00 00 00 00 00 00 00 00 00 00 00 d0 d2 
cc 54 00 00 00 00 00 94 00 e7 00 b2 f8 b9 ee 00 00 00 00 03 
a6 e1 f2 00 00 00 00 10 5a a6 70 00 09 01 00 00 01 00 00 00 
00 00 00 20 00 00 00 ce 00 00 00 fe 00 00 00 00 00 00 00 00 
00 00 00 00 00 00 00 00 25 2a e9 54 00 00 00 00 00 94 00 e7 
00 b2 f8 b9 ee 00 00 00 00 26 d9 e1 f2 00 00 00 00 0f 5a a6 
70 00 29 01 00 00 01 00 00 00 00 00 00 20 00 00 00 ce 00 00 
00 fe 00 00 00 00 00 00 00 00 00 00 00 00 00 00 00 00 8b 39 
e9 54 00 00 00 00 00 94 00 e7 00 b2 f8 b9 ee 00 00 00 00 75 
ff f3 fd 00 00 00 00 11 5a a6 70 00 49 01 00 00 01 00 00 00 
00 00 00 20 00 00 00 ce 00 00 00 fe 00 00 00 00 00 00 00 00 
00 00 00 00 00 00 00 00 86 ef 76 55 00 00 00 00 00 94 00 e7 
00 b2 76 26 0e 01 00 00 00 63 8f f5 11 01 00 00 00 0b 56 a6 
70 00 69 01 00 00 01 00 00 00 00 00 00 20 00 00 00 ce 00 00 
00 fe 00 00 00 00 00 00 00 00 00 00 00 00 00 00 00 00 16 4a 
b3 56 00 00 00 00 00 94 00 e7 00 b2 76 26 0e 01 00 00 00 24 
ab 71 12 01 00 00 00 09 56 a6 70 00 89 01 00 00 01 00 00 00 
00 00 00 20 00 00 00 ce 00 00 00 fe 00 00 00 00 00 00 00 00 
00 00 00 00 00 00 00 00 5b 31 b7 56 00 00 00 00 00 94 00 e7 
00 b2 76 26 0e 01 00 00 00 25 ab 71 12 01 00 00 00 0a 56 a6 
70 00 a9 01 00 00 01 00 00 00 00 00 00 20 00 00 00 ce 00 00 
00 fe 00 00 00 00 00 00 00 00 00 00 00 00 00 00 00 00 5b 31 
b7 56 00 00 00 00 00 94 00 e7 00 13 8d b3 f2 00 00 00 00 93 
bf 71 12 01 00 00 00 0b 56 a6 70 00 c9 01 00 00 01 00 00 00 
00 00 00 20 00 00 00 ce 00 00 00 fe 00 00 00 00 00 00 00 00 
00 00 00 00 00 00 00 00 05 3f b7 56 00 00 00 00 00 94 00 e7 
00 58 36 a9 f4 00 00 00 00 54 36 a9 f4 00 00 00 00 32 97 a1 
70 00 62 02 00 00 01 00 00 00 00 00 00 20 00 00 00 ce 00 00 
00 fe 00 00 00 00 00 00 00 00 00 00 00 00 00 00 00 00 3c e9 
0b 55 00 00 00 00 00 94 00 e7 00 b2 76 26 0e 01 00 00 00 ae 
76 26 0e 01 00 00 00 d1 ac a0 70 00 62 02 00 00 01 00 00 00 
00 00 00 20 00 00 00 ce 00 00 00 fe 00 00 00 00 00 00 00 00 
00 00 00 00 00 00 00 00 77 71 74 56 00 00 00 00 00 94 00 e7 
00 b2 f8 b9 ee 00 00 00 00 ae f8 b9 ee 00 00 00 00 b1 5e a0 
70 00 62 02 00 00 01 00 00 00 00 00 00 20 00 00 00 ce 00 00 
00 fe 00 00 00 00 00 00 00 00 00 00 00 00 00 00 00 00 c0 ab 
b6 54 00 00 00 00 00 94 00 e7 00 d3 87 b3 f2 00 00 00 00 ce 
87 b3 f2 00 00 00 00 91 10 a0 70 00 62 02 00 00 01 00 00 00 
00 00 00 20 00 00 00 ce 00 00 00 fe 00 00 00 00 00 00 00 00 
00 00 00 00 00 00 00 00 96 4d e9 54 00 00 00 00 00 94 00 e7 
00 e0 8f 1d f0 00 00 00 00 dc 8f 1d f0 00 00 00 00 a1 37 a0 
70 00 62 02 00 00 01 00 00 00 00 00 00 20 00 00 00 ce 00 00 
00 fe 00 00 00 00 00 00 00 00 00 00 00 00 00 00 00 00 1d 88 
cb 54 00 00 00 00 00 94 00 e7 00 13 8d b3 f2 00 00 00 00 0f 
8d b3 f2 00 00 00 00 12 49 a1 70 00 62 02 00 00 01 00 00 00 
00 00 00 20 00 00 00 ce 00 00 00 fe 00 00 00 00 00 00 00 00 
00 00 00 00 00 00 00 00 66 50 e9 54 00 00 00 00 00 94 00 e7 
00 13 8d b3 f2 00 00 00 00 10 8d b3 f2 00 00 00 00 11 d8 9e 
70 00 82 02 00 00 01 00 00 00 00 00 00 20 00 00 00 ce 00 00 
00 fe 00 00 00 00 00 00 00 00 00 00 00 00 00 00 00 00 66 50 
e9 54 00 00 00 00 00 94 00 e7 00 e0 8f 1d f0 00 00 00 00 dd 
8f 1d f0 00 00 00 00 21 ff 9e 70 00 82 02 00 00 01 00 00 00 
00 00 00 20 00 00 00 ce 00 00 00 fe 00 00 00 00 00 00 00 00 
00 00 00 00 00 00 00 00 1d 88 cb 54 00 00 00 00 00 94 00 e7 
00 d3 87 b3 f2 00 00 00 00 cf 87 b3 f2 00 00 00 00 71 c2 9f 
70 00 82 02 00 00 01 00 00 00 00 00 00 20 00 00 00 ce 00 00 
00 fe 00 00 00 00 00 00 00 00 00 00 00 00 00 00 00 00 96 4d 
e9 54 00 00 00 00 00 94 00 e7 00 b2 f8 b9 ee 00 00 00 00 af 
f8 b9 ee 00 00 00 00 31 26 9f 70 00 82 02 00 00 01 00 00 00 
00 00 00 20 00 00 00 ce 00 00 00 fe 00 00 00 00 00 00 00 00 
00 00 00 00 00 00 00 00 c0 ab b6 54 00 00 00 00 00 94 00 e7 
00 58 36 a9 f4 00 00 00 00 55 36 a9 f4 00 00 00 00 21 ff 9e 
70 00 82 02 00 00 01 00 00 00 00 00 00 20 00 00 00 ce 00 00 
00 fe 00 00 00 00 00 00 00 00 00 00 00 00 00 00 00 00 3c e9 
0b 55 00 00 00 00 00 94 00 e7 00 b2 76 26 0e 01 00 00 00 b0 
76 26 0e 01 00 00 00 51 74 9f 70 00 82 02 00 00 01 00 00 00 
00 00 00 20 00 00 00 ce 00 00 00 fe 00 00 00 00 00 00 00 00 
00 00 00 00 00 00 00 00 77 71 74 56 00 00 00 00 00 94 00 e7 
00 58 36 a9 f4 00 00 00 00 56 36 a9 f4 00 00 00 00 02 b1 9e 
70 00 a2 02 00 00 01 00 00 00 00 00 00 20 00 00 00 ce 00 00 
00 fe 00 00 00 00 00 00 00 00 00 00 00 00 00 00 00 00 3c e9 
0b 55 00 00 00 00 00 94 00 e7 00 b2 76 26 0e 01 00 00 00 af 
76 26 0e 01 00 00 00 61 9b 9f 70 00 a2 02 00 00 01 00 00 00 
00 00 00 20 00 00 00 ce 00 00 00 fe 00 00 00 00 00 00 00 00 
00 00 00 00 00 00 00 00 77 71 74 56 00 00 00 00 00 94 00 e7 
00 b2 f8 b9 ee 00 00 00 00 b0 f8 b9 ee 00 00 00 00 81 e9 9f 
70 00 a2 02 00 00 01 00 00 00 00 00 00 20 00 00 00 ce 00 00 
00 fe 00 00 00 00 00 00 00 00 00 00 00 00 00 00 00 00 c0 ab 
b6 54 00 00 00 00 00 94 00 e7 00 d3 87 b3 f2 00 00 00 00 d0 
87 b3 f2 00 00 00 00 f1 fa a0 70 00 a2 02 00 00 01 00 00 00 
00 00 00 20 00 00 00 ce 00 00 00 fe 00 00 00 00 00 00 00 00 
00 00 00 00 00 00 00 00 96 4d e9 54 00 00 00 00 00 94 00 e7 
00 e0 8f 1d f0 00 00 00 00 de 8f 1d f0 00 00 00 00 41 4d 9f 
70 00 a2 02 00 00 01 00 00 00 00 00 00 20 00 00 00 ce 00 00 
00 fe 00 00 00 00 00 00 00 00 00 00 00 00 00 00 00 00 1d 88 
cb 54 00 00 00 00 00 94 00 e7 00 13 8d b3 f2 00 00 00 00 11 
8d b3 f2 00 00 00 00 41 be a1 70 00 a2 02 00 00 01 00 00 00 
00 00 00 20 00 00 00 ce 00 00 00 fe 00 00 00 00 00 00 00 00 
00 00 00 00 00 00 00 00 66 50 e9 54 00 00 00 00 00 94 00 e7 
00 e0 8f 1d f0 00 00 00 00 a5 e7 e2 f4 00 00 00 00 b0 f2 a4 
70 00 42 03 00 00 01 00 00 00 00 00 00 20 00 00 00 ce 00 00 
00 fe 00 00 00 00 00 00 00 00 00 00 00 00 00 00 00 00 b1 cc 
08 55 00 00 00 00 00 94 00 e7 00 b2 f8 b9 ee 00 00 00 00 99 
d3 b1 fb 00 00 00 00 b1 f2 a4 70 00 42 03 00 00 01 00 00 00 
00 00 00 20 00 00 00 ce 00 00 00 fe 00 00 00 00 00 00 00 00 
00 00 00 00 00 00 00 00 c6 07 74 55 00 00 00 00 00 94 00 e7 
00 b2 f8 b9 ee 00 00 00 00 6b d3 b1 fb 00 00 00 00 b1 f2 a4 
70 00 62 03 00 00 01 00 00 00 00 00 00 20 00 00 00 ce 00 00 
00 fe 00 00 00 00 00 00 00 00 00 00 00 00 00 00 00 00 a5 07 
74 55 00 00 00 00 00 94 00 e7 00 e0 8f 1d f0 00 00 00 00 bc 
e7 e2 f4 00 00 00 00 b0 f2 a4 70 00 62 03 00 00 01 00 00 00 
00 00 00 20 00 00 00 ce 00 00 00 fe 00 00 00 00 00 00 00 00 
00 00 00 00 00 00 00 00 be cc 08 55 00 00 00 00 00 94 00 e7 
00 b2 f8 b9 ee 00 00 00 00 f5 5b 9c fe 00 00 00 00 b1 f2 a4 
70 00 82 03 00 00 01 00 00 00 00 00 00 20 00 00 00 ce 00 00 
00 fe 00 00 00 00 00 00 00 00 00 00 00 00 00 00 00 00 0a 5e 
78 55 00 00 00 00 00
............F.=........................p............ ........................fP.T............................p............ .........................M.T...................t.....V.p.	.......... ...........................T...................u.....	V.p.).......... ...........................T.................
.......Tk.p.".......... ........................fP.T.........................Ak.p.".......... ...........................T..................D......Hk.p.".......... pb..#_...................(.T..........v&......v&.....Ik.p.".......... ........................wqtV..........v&......v&.....Y..p.B.......... ........................wqtV..................D......X..p.B.......... pb..#_...................(.T.........................Q..p.B.......... ...........................T...................u.....
V.p.I.......... ...........................T.........................h..p.B.......... .........................M.T.........................x..p.b.......... .........................M.T.........X6......R6......p..p.b.......... ........................<.U.................C.v......Y.p.i.......... ........................K..T.........................a..p.b.......... ...........................T..................D......h..p.b.......... pb..#_...................(.T........................t..p.b.......... ........................fP.T..........v&......v&.....i..p.b.......... ........................wqtV..........v&......v&.....y..p............ ........................wqtV.........X6......S6.........p............ ........................<.U...........................p............ ........................fP.T..................D......x..p............ pb..#_...................(.T.........................q..p............ ...........................T..................iv......Y.p............ ........................-	.T..................	w.....V.p............ ........................ ;.T...................x.....	V.p............ ...........................T............................p.....a...... ........................z..T................. ..........p............ ........................z..T...................x.....
V.p............ ...........................T..........................Z.p.	.......... ........................%*.T.................&........Z.p.).......... .........................9.T.................u........Z.p.I.......... ..........................vU..........v&.....c.......V.p.i.......... .........................J.V..........v&.....$.q.....	V.p............ ........................[1.V..........v&.....%.q.....
V.p............ ........................[1.V...................q.....V.p............ .........................?.V.........X6......T6......2..p.b.......... ........................<.U..........v&......v&........p.b.......... ........................wqtV..........................^.p.b.......... ...........................T............................p.b.......... .........................M.T..........................7.p.b.......... ...........................T..........................I.p.b.......... ........................fP.T............................p............ ........................fP.T.........................!..p............ ...........................T.........................q..p............ .........................M.T.........................1&.p............ ...........................T.........X6......U6......!..p............ ........................<.U..........v&......v&.....Qt.p............ ........................wqtV.........X6......V6.........p............ ........................<.U..........v&......v&.....a..p............ ........................wqtV............................p............ ...........................T............................p............ .........................M.T.........................AM.p............ ...........................T.........................A..p............ ........................fP.T............................p.B.......... ...........................U............................p.B.......... ..........................tU.................k..........p.b.......... ..........................tU............................p.b.......... ...........................U..................[.........p............ ........................
^xU.....


SData | S:1 | L:885
Hdata | Size:885 | PID: df2(UF2C::NTF_ITEM_INSTANCE_LIST)
Flags | Normal:1 | Ping:0 | Encrypted:1 | Compressed:1 |
bf 10 00 00 f2 0d 00 00 00 01 00 00 00 46 00 3d 00 94 00 e7 
00 13 8d b3 f2 00 00 00 00 0e 8d b3 f2 00 00 00 00 99 2e 9b 
70 00 02 00 00 00 01 00 00 00 00 00 00 00 00 00 00 78 00 00 
00 fe 00 00 00 00 00 00 00 00 00 00 00 00 00 00 00 00 66 50 
e9 54 00 00 00 00 00 94 00 e7 00 d3 87 b3 f2 00 00 00 00 d1 
87 b3 f2 00 00 00 00 9a 2e 9b 70 00 02 00 00 00 01 00 00 00 
00 00 00 00 00 00 00 78 00 00 00 fe 00 00 00 00 00 00 00 00 
00 00 00 00 00 00 00 00 96 4d e9 54 00 00 00 00 00 94 00 e7 
00 e0 8f 1d f0 00 00 00 00 15 ce 74 f0 00 00 00 00 0b 56 a6 
70 00 09 00 00 00 01 00 00 00 00 00 00 00 00 00 00 78 00 00 
00 fe 00 00 00 00 00 00 00 00 00 00 00 00 00 00 00 00 9a a3 
cb 54 00 00 00 00 00 94 00 e7 00 e0 8f 1d f0 00 00 00 00 ad 
87 75 f0 00 00 00 00 09 56 a6 70 00 29 00 00 00 01 00 00 00 
00 00 00 00 00 00 00 78 00 00 00 fe 00 00 00 00 00 00 00 00 
00 00 00 00 00 00 00 00 1d d1 cb 54 00 00 00 00 00 94 00 e7 
00 13 8d b3 f2 00 00 00 00 0a 8d b3 f2 00 00 00 00 54 6b 9a 
70 00 22 00 00 00 01 00 00 00 00 00 00 00 00 00 00 78 00 00 
00 fe 00 00 00 00 00 00 00 00 00 00 00 00 00 00 00 00 66 50 
e9 54 00 00 00 00 00 94 00 e7 00 e0 8f 1d f0 00 00 00 00 d8 
8f 1d f0 00 00 00 00 41 6b 9a 70 00 22 00 00 00 01 00 00 00 
00 00 00 00 00 00 00 78 00 00 00 fe 00 00 00 00 00 00 00 00 
00 00 00 00 00 00 00 00 1d 88 cb 54 00 00 00 00 00 94 00 e7 
00 b2 f8 b9 ee 00 00 00 00 af 44 b3 f2 00 00 00 00 48 6b 9a 
70 00 22 00 00 00 01 00 00 00 02 00 00 00 70 62 00 78 23 5f 
00 fe 00 00 00 00 00 00 00 00 00 00 00 00 00 00 00 00 98 28 
e9 54 00 00 00 00 00 94 00 e7 00 b2 76 26 0e 01 00 00 00 aa 
76 26 0e 01 00 00 00 49 6b 9a 70 00 22 00 00 00 01 00 00 00 
00 00 00 00 00 00 00 78 00 00 00 fe 00 00 00 00 00 00 00 00 
00 00 00 00 00 00 00 00 77 71 74 56 00 00 00 00 00 94 00 e7 
00 b2 76 26 0e 01 00 00 00 ab 76 26 0e 01 00 00 00 59 92 9a 
70 00 42 00 00 00 01 00 00 00 00 00 00 00 00 00 00 78 00 00 
00 fe 00 00 00 00 00 00 00 00 00 00 00 00 00 00 00 00 77 71 
74 56 00 00 00 00 00 94 00 e7 00 b2 f8 b9 ee 00 00 00 00 b0 
44 b3 f2 00 00 00 00 58 92 9a 70 00 42 00 00 00 01 00 00 00 
02 00 00 00 70 62 00 78 23 5f 00 fe 00 00 00 00 00 00 00 00 
00 00 00 00 00 00 00 00 98 28 e9 54 00 00 00 00 00 94 00 e7 
00 e0 8f 1d f0 00 00 00 00 d9 8f 1d f0 00 00 00 00 51 92 9a 
70 00 42 00 00 00 01 00 00 00 00 00 00 00 00 00 00 78 00 00 
00 fe 00 00 00 00 00 00 00 00 00 00 00 00 00 00 00 00 1d 88 
cb 54 00 00 00 00 00 94 00 e7 00 e0 8f 1d f0 00 00 00 00 ae 
87 75 f0 00 00 00 00 0a 56 a6 70 00 49 00 00 00 01 00 00 00 
00 00 00 00 00 00 00 78 00 00 00 fe 00 00 00 00 00 00 00 00 
00 00 00 00 00 00 00 00 1d d1 cb 54 00 00 00 00 00 94 00 e7 
00 d3 87 b3 f2 00 00 00 00 cb 87 b3 f2 00 00 00 00 68 92 9a 
70 00 42 00 00 00 01 00 00 00 00 00 00 00 00 00 00 78 00 00 
00 fe 00 00 00 00 00 00 00 00 00 00 00 00 00 00 00 00 96 4d 
e9 54 00 00 00 00 00 94 00 e7 00 d3 87 b3 f2 00 00 00 00 cc 
87 b3 f2 00 00 00 00 78 b9 9a 70 00 62 00 00 00 01 00 00 00 
00 00 00 00 00 00 00 78 00 00 00 fe 00 00 00 00 00 00 00 00 
00 00 00 00 00 00 00 00 96 4d e9 54 00 00 00 00 00 94 00 e7 
00 58 36 a9 f4 00 00 00 00 52 36 a9 f4 00 00 00 00 70 b9 9a 
70 00 62 00 00 00 01 00 00 00 00 00 00 00 00 00 00 78 00 00 
00 fe 00 00 00 00 00 00 00 00 00 00 00 00 00 00 00 00 3c e9 
0b 55 00 00 00 00 00 94 00 e7 00 e0 8f 1d f0 00 00 00 00 43 
01 76 f0 00 00 00 00 f4 59 a6 70 00 69 00 00 00 01 00 00 00 
00 00 00 00 00 00 00 78 00 00 00 fe 00 00 00 00 00 00 00 00 
00 00 00 00 00 00 00 00 4b ed cb 54 00 00 00 00 00 94 00 e7 
00 e0 8f 1d f0 00 00 00 00 da 8f 1d f0 00 00 00 00 61 b9 9a 
70 00 62 00 00 00 01 00 00 00 00 00 00 00 00 00 00 78 00 00 
00 fe 00 00 00 00 00 00 00 00 00 00 00 00 00 00 00 00 1d 88 
cb 54 00 00 00 00 00 94 00 e7 00 b2 f8 b9 ee 00 00 00 00 b1 
44 b3 f2 00 00 00 00 68 b9 9a 70 00 62 00 00 00 01 00 00 00 
02 00 00 00 70 62 00 78 23 5f 00 fe 00 00 00 00 00 00 00 00 
00 00 00 00 00 00 00 00 98 28 e9 54 00 00 00 00 00 94 00 e7 
00 13 8d b3 f2 00 00 00 00 0c 8d b3 f2 00 00 00 00 74 b9 9a 
70 00 62 00 00 00 01 00 00 00 00 00 00 00 00 00 00 78 00 00 
00 fe 00 00 00 00 00 00 00 00 00 00 00 00 00 00 00 00 66 50 
e9 54 00 00 00 00 00 94 00 e7 00 b2 76 26 0e 01 00 00 00 ac 
76 26 0e 01 00 00 00 69 b9 9a 70 00 62 00 00 00 01 00 00 00 
00 00 00 00 00 00 00 78 00 00 00 fe 00 00 00 00 00 00 00 00 
00 00 00 00 00 00 00 00 77 71 74 56 00 00 00 00 00 94 00 e7 
00 b2 76 26 0e 01 00 00 00 ad 76 26 0e 01 00 00 00 79 e0 9a 
70 00 82 00 00 00 01 00 00 00 00 00 00 00 00 00 00 78 00 00 
00 fe 00 00 00 00 00 00 00 00 00 00 00 00 00 00 00 00 77 71 
74 56 00 00 00 00 00 94 00 e7 00 58 36 a9 f4 00 00 00 00 53 
36 a9 f4 00 00 00 00 80 e0 9a 70 00 82 00 00 00 01 00 00 00 
00 00 00 00 00 00 00 78 00 00 00 fe 00 00 00 00 00 00 00 00 
00 00 00 00 00 00 00 00 3c e9 0b 55 00 00 00 00 00 94 00 e7 
00 13 8d b3 f2 00 00 00 00 0d 8d b3 f2 00 00 00 00 84 e0 9a 
70 00 82 00 00 00 01 00 00 00 00 00 00 00 00 00 00 78 00 00 
00 fe 00 00 00 00 00 00 00 00 00 00 00 00 00 00 00 00 66 50 
e9 54 00 00 00 00 00 94 00 e7 00 b2 f8 b9 ee 00 00 00 00 b2 
44 b3 f2 00 00 00 00 78 e0 9a 70 00 82 00 00 00 01 00 00 00 
02 00 00 00 70 62 00 78 23 5f 00 fe 00 00 00 00 00 00 00 00 
00 00 00 00 00 00 00 00 98 28 e9 54 00 00 00 00 00 94 00 e7 
00 e0 8f 1d f0 00 00 00 00 db 8f 1d f0 00 00 00 00 71 e0 9a 
70 00 82 00 00 00 01 00 00 00 00 00 00 00 00 00 00 78 00 00 
00 fe 00 00 00 00 00 00 00 00 00 00 00 00 00 00 00 00 1d 88 
cb 54 00 00 00 00 00 94 00 e7 00 e0 8f 1d f0 00 00 00 00 96 
69 76 f0 00 00 00 00 f1 59 a6 70 00 89 00 00 00 01 00 00 00 
00 00 00 00 00 00 00 78 00 00 00 fe 00 00 00 00 00 00 00 00 
00 00 00 00 00 00 00 00 2d 09 cc 54 00 00 00 00 00 94 00 e7 
00 b2 f8 b9 ee 00 00 00 00 ae 09 77 f0 00 00 00 00 0b 56 a6 
70 00 a9 00 00 00 01 00 00 00 00 00 00 00 00 00 00 78 00 00 
00 fe 00 00 00 00 00 00 00 00 00 00 00 00 00 00 00 00 20 3b 
cc 54 00 00 00 00 00 94 00 e7 00 b2 f8 b9 ee 00 00 00 00 8c 
93 78 f0 00 00 00 00 09 56 a6 70 00 c9 00 00 00 01 00 00 00 
00 00 00 00 00 00 00 78 00 00 00 fe 00 00 00 00 00 00 00 00 
00 00 00 00 00 00 00 00 d0 d2 cc 54 00 00 00 00 00 94 00 e7 
00 00 00 00 00 00 00 00 00 1f 1e d5 ee 00 00 00 00 f1 dc a5 
70 00 c6 00 00 00 61 00 00 00 03 00 00 00 00 00 00 78 00 00 
00 fe 00 00 00 00 00 00 00 00 00 00 00 00 00 00 00 00 7a ab 
b6 54 00 00 00 00 00 94 00 e7 00 00 00 00 00 00 00 00 00 20 
1e d5 ee 00 00 00 00 02 04 a6 70 00 e6 00 00 00 05 00 00 00 
03 00 00 00 00 00 00 78 00 00 00 fe 00 00 00 00 00 00 00 00 
00 00 00 00 00 00 00 00 7a ab b6 54 00 00 00 00 00 94 00 e7 
00 b2 f8 b9 ee 00 00 00 00 8d 93 78 f0 00 00 00 00 0a 56 a6 
70 00 e9 00 00 00 01 00 00 00 00 00 00 00 00 00 00 78 00 00 
00 fe 00 00 00 00 00 00 00 00 00 00 00 00 00 00 00 00 d0 d2 
cc 54 00 00 00 00 00 94 00 e7 00 b2 f8 b9 ee 00 00 00 00 03 
a6 e1 f2 00 00 00 00 10 5a a6 70 00 09 01 00 00 01 00 00 00 
00 00 00 00 00 00 00 78 00 00 00 fe 00 00 00 00 00 00 00 00 
00 00 00 00 00 00 00 00 25 2a e9 54 00 00 00 00 00 94 00 e7 
00 b2 f8 b9 ee 00 00 00 00 26 d9 e1 f2 00 00 00 00 0f 5a a6 
70 00 29 01 00 00 01 00 00 00 00 00 00 00 00 00 00 78 00 00 
00 fe 00 00 00 00 00 00 00 00 00 00 00 00 00 00 00 00 8b 39 
e9 54 00 00 00 00 00 94 00 e7 00 b2 f8 b9 ee 00 00 00 00 75 
ff f3 fd 00 00 00 00 11 5a a6 70 00 49 01 00 00 01 00 00 00 
00 00 00 00 00 00 00 78 00 00 00 fe 00 00 00 00 00 00 00 00 
00 00 00 00 00 00 00 00 86 ef 76 55 00 00 00 00 00 94 00 e7 
00 b2 76 26 0e 01 00 00 00 63 8f f5 11 01 00 00 00 0b 56 a6 
70 00 69 01 00 00 01 00 00 00 00 00 00 00 00 00 00 78 00 00 
00 fe 00 00 00 00 00 00 00 00 00 00 00 00 00 00 00 00 16 4a 
b3 56 00 00 00 00 00 94 00 e7 00 b2 76 26 0e 01 00 00 00 24 
ab 71 12 01 00 00 00 09 56 a6 70 00 89 01 00 00 01 00 00 00 
00 00 00 00 00 00 00 78 00 00 00 fe 00 00 00 00 00 00 00 00 
00 00 00 00 00 00 00 00 5b 31 b7 56 00 00 00 00 00 94 00 e7 
00 b2 76 26 0e 01 00 00 00 25 ab 71 12 01 00 00 00 0a 56 a6 
70 00 a9 01 00 00 01 00 00 00 00 00 00 00 00 00 00 78 00 00 
00 fe 00 00 00 00 00 00 00 00 00 00 00 00 00 00 00 00 5b 31 
b7 56 00 00 00 00 00 94 00 e7 00 13 8d b3 f2 00 00 00 00 93 
bf 71 12 01 00 00 00 0b 56 a6 70 00 c9 01 00 00 01 00 00 00 
00 00 00 00 00 00 00 78 00 00 00 fe 00 00 00 00 00 00 00 00 
00 00 00 00 00 00 00 00 05 3f b7 56 00 00 00 00 00 94 00 e7 
00 58 36 a9 f4 00 00 00 00 54 36 a9 f4 00 00 00 00 32 97 a1 
70 00 62 02 00 00 01 00 00 00 00 00 00 00 00 00 00 78 00 00 
00 fe 00 00 00 00 00 00 00 00 00 00 00 00 00 00 00 00 3c e9 
0b 55 00 00 00 00 00 94 00 e7 00 b2 76 26 0e 01 00 00 00 ae 
76 26 0e 01 00 00 00 d1 ac a0 70 00 62 02 00 00 01 00 00 00 
00 00 00 00 00 00 00 78 00 00 00 fe 00 00 00 00 00 00 00 00 
00 00 00 00 00 00 00 00 77 71 74 56 00 00 00 00 00 94 00 e7 
00 b2 f8 b9 ee 00 00 00 00 ae f8 b9 ee 00 00 00 00 b1 5e a0 
70 00 62 02 00 00 01 00 00 00 00 00 00 00 00 00 00 78 00 00 
00 fe 00 00 00 00 00 00 00 00 00 00 00 00 00 00 00 00 c0 ab 
b6 54 00 00 00 00 00 94 00 e7 00 d3 87 b3 f2 00 00 00 00 ce 
87 b3 f2 00 00 00 00 91 10 a0 70 00 62 02 00 00 01 00 00 00 
00 00 00 00 00 00 00 78 00 00 00 fe 00 00 00 00 00 00 00 00 
00 00 00 00 00 00 00 00 96 4d e9 54 00 00 00 00 00 94 00 e7 
00 e0 8f 1d f0 00 00 00 00 dc 8f 1d f0 00 00 00 00 a1 37 a0 
70 00 62 02 00 00 01 00 00 00 00 00 00 00 00 00 00 78 00 00 
00 fe 00 00 00 00 00 00 00 00 00 00 00 00 00 00 00 00 1d 88 
cb 54 00 00 00 00 00 94 00 e7 00 13 8d b3 f2 00 00 00 00 0f 
8d b3 f2 00 00 00 00 12 49 a1 70 00 62 02 00 00 01 00 00 00 
00 00 00 00 00 00 00 78 00 00 00 fe 00 00 00 00 00 00 00 00 
00 00 00 00 00 00 00 00 66 50 e9 54 00 00 00 00 00 94 00 e7 
00 13 8d b3 f2 00 00 00 00 10 8d b3 f2 00 00 00 00 11 d8 9e 
70 00 82 02 00 00 01 00 00 00 00 00 00 00 00 00 00 78 00 00 
00 fe 00 00 00 00 00 00 00 00 00 00 00 00 00 00 00 00 66 50 
e9 54 00 00 00 00 00 94 00 e7 00 e0 8f 1d f0 00 00 00 00 dd 
8f 1d f0 00 00 00 00 21 ff 9e 70 00 82 02 00 00 01 00 00 00 
00 00 00 00 00 00 00 78 00 00 00 fe 00 00 00 00 00 00 00 00 
00 00 00 00 00 00 00 00 1d 88 cb 54 00 00 00 00 00 94 00 e7 
00 d3 87 b3 f2 00 00 00 00 cf 87 b3 f2 00 00 00 00 71 c2 9f 
70 00 82 02 00 00 01 00 00 00 00 00 00 00 00 00 00 78 00 00 
00 fe 00 00 00 00 00 00 00 00 00 00 00 00 00 00 00 00 96 4d 
e9 54 00 00 00 00 00 94 00 e7 00 b2 f8 b9 ee 00 00 00 00 af 
f8 b9 ee 00 00 00 00 31 26 9f 70 00 82 02 00 00 01 00 00 00 
00 00 00 00 00 00 00 78 00 00 00 fe 00 00 00 00 00 00 00 00 
00 00 00 00 00 00 00 00 c0 ab b6 54 00 00 00 00 00 94 00 e7 
00 58 36 a9 f4 00 00 00 00 55 36 a9 f4 00 00 00 00 21 ff 9e 
70 00 82 02 00 00 01 00 00 00 00 00 00 00 00 00 00 78 00 00 
00 fe 00 00 00 00 00 00 00 00 00 00 00 00 00 00 00 00 3c e9 
0b 55 00 00 00 00 00 94 00 e7 00 b2 76 26 0e 01 00 00 00 b0 
76 26 0e 01 00 00 00 51 74 9f 70 00 82 02 00 00 01 00 00 00 
00 00 00 00 00 00 00 78 00 00 00 fe 00 00 00 00 00 00 00 00 
00 00 00 00 00 00 00 00 77 71 74 56 00 00 00 00 00 94 00 e7 
00 58 36 a9 f4 00 00 00 00 56 36 a9 f4 00 00 00 00 02 b1 9e 
70 00 a2 02 00 00 01 00 00 00 00 00 00 00 00 00 00 78 00 00 
00 fe 00 00 00 00 00 00 00 00 00 00 00 00 00 00 00 00 3c e9 
0b 55 00 00 00 00 00 94 00 e7 00 b2 76 26 0e 01 00 00 00 af 
76 26 0e 01 00 00 00 61 9b 9f 70 00 a2 02 00 00 01 00 00 00 
00 00 00 00 00 00 00 78 00 00 00 fe 00 00 00 00 00 00 00 00 
00 00 00 00 00 00 00 00 77 71 74 56 00 00 00 00 00 94 00 e7 
00 b2 f8 b9 ee 00 00 00 00 b0 f8 b9 ee 00 00 00 00 81 e9 9f 
70 00 a2 02 00 00 01 00 00 00 00 00 00 00 00 00 00 78 00 00 
00 fe 00 00 00 00 00 00 00 00 00 00 00 00 00 00 00 00 c0 ab 
b6 54 00 00 00 00 00 94 00 e7 00 d3 87 b3 f2 00 00 00 00 d0 
87 b3 f2 00 00 00 00 f1 fa a0 70 00 a2 02 00 00 01 00 00 00 
00 00 00 00 00 00 00 78 00 00 00 fe 00 00 00 00 00 00 00 00 
00 00 00 00 00 00 00 00 96 4d e9 54 00 00 00 00 00 94 00 e7 
00 e0 8f 1d f0 00 00 00 00 de 8f 1d f0 00 00 00 00 41 4d 9f 
70 00 a2 02 00 00 01 00 00 00 00 00 00 00 00 00 00 78 00 00 
00 fe 00 00 00 00 00 00 00 00 00 00 00 00 00 00 00 00 1d 88 
cb 54 00 00 00 00 00 94 00 e7 00 13 8d b3 f2 00 00 00 00 11 
8d b3 f2 00 00 00 00 41 be a1 70 00 a2 02 00 00 01 00 00 00 
00 00 00 00 00 00 00 78 00 00 00 fe 00 00 00 00 00 00 00 00 
00 00 00 00 00 00 00 00 66 50 e9 54 00 00 00 00 00 94 00 e7 
00 e0 8f 1d f0 00 00 00 00 a5 e7 e2 f4 00 00 00 00 b0 f2 a4 
70 00 42 03 00 00 01 00 00 00 00 00 00 00 00 00 00 78 00 00 
00 fe 00 00 00 00 00 00 00 00 00 00 00 00 00 00 00 00 b1 cc 
08 55 00 00 00 00 00 94 00 e7 00 b2 f8 b9 ee 00 00 00 00 99 
d3 b1 fb 00 00 00 00 b1 f2 a4 70 00 42 03 00 00 01 00 00 00 
00 00 00 00 00 00 00 78 00 00 00 fe 00 00 00 00 00 00 00 00 
00 00 00 00 00 00 00 00 c6 07 74 55 00 00 00 00 00 94 00 e7 
00 b2 f8 b9 ee 00 00 00 00 6b d3 b1 fb 00 00 00 00 b1 f2 a4 
70 00 62 03 00 00 01 00 00 00 00 00 00 00 00 00 00 78 00 00 
00 fe 00 00 00 00 00 00 00 00 00 00 00 00 00 00 00 00 a5 07 
74 55 00 00 00 00 00 94 00 e7 00 e0 8f 1d f0 00 00 00 00 bc 
e7 e2 f4 00 00 00 00 b0 f2 a4 70 00 62 03 00 00 01 00 00 00 
00 00 00 00 00 00 00 78 00 00 00 fe 00 00 00 00 00 00 00 00 
00 00 00 00 00 00 00 00 be cc 08 55 00 00 00 00 00 94 00 e7 
00 b2 f8 b9 ee 00 00 00 00 f5 5b 9c fe 00 00 00 00 b1 f2 a4 
70 00 82 03 00 00 01 00 00 00 00 00 00 00 00 00 00 78 00 00 
00 fe 00 00 00 00 00 00 00 00 00 00 00 00 00 00 00 00 0a 5e 
78 55 00 00 00 00 00
............F.=........................p................x....................fP.T............................p................x.....................M.T...................t.....V.p.	..............x.......................T...................u.....	V.p.)..............x.......................T.................
.......Tk.p."..............x....................fP.T.........................Ak.p."..............x.......................T..................D......Hk.p."...........pb.x#_...................(.T..........v&......v&.....Ik.p."..............x....................wqtV..........v&......v&.....Y..p.B..............x....................wqtV..................D......X..p.B...........pb.x#_...................(.T.........................Q..p.B..............x.......................T...................u.....
V.p.I..............x.......................T.........................h..p.B..............x.....................M.T.........................x..p.b..............x.....................M.T.........X6......R6......p..p.b..............x....................<.U.................C.v......Y.p.i..............x....................K..T.........................a..p.b..............x.......................T..................D......h..p.b...........pb.x#_...................(.T........................t..p.b..............x....................fP.T..........v&......v&.....i..p.b..............x....................wqtV..........v&......v&.....y..p................x....................wqtV.........X6......S6.........p................x....................<.U...........................p................x....................fP.T..................D......x..p.............pb.x#_...................(.T.........................q..p................x.......................T..................iv......Y.p................x....................-	.T..................	w.....V.p................x.................... ;.T...................x.....	V.p................x.......................T............................p.....a..........x....................z..T................. ..........p................x....................z..T...................x.....
V.p................x.......................T..........................Z.p.	..............x....................%*.T.................&........Z.p.)..............x.....................9.T.................u........Z.p.I..............x......................vU..........v&.....c.......V.p.i..............x.....................J.V..........v&.....$.q.....	V.p................x....................[1.V..........v&.....%.q.....
V.p................x....................[1.V...................q.....V.p................x.....................?.V.........X6......T6......2..p.b..............x....................<.U..........v&......v&........p.b..............x....................wqtV..........................^.p.b..............x.......................T............................p.b..............x.....................M.T..........................7.p.b..............x.......................T..........................I.p.b..............x....................fP.T............................p................x....................fP.T.........................!..p................x.......................T.........................q..p................x.....................M.T.........................1&.p................x.......................T.........X6......U6......!..p................x....................<.U..........v&......v&.....Qt.p................x....................wqtV.........X6......V6.........p................x....................<.U..........v&......v&.....a..p................x....................wqtV............................p................x.......................T............................p................x.....................M.T.........................AM.p................x.......................T.........................A..p................x....................fP.T............................p.B..............x.......................U............................p.B..............x......................tU.................k..........p.b..............x......................tU............................p.b..............x.......................U..................[.........p................x....................
^xU.....


SData | S:1 | L:885
Hdata | Size:885 | PID: df2(UF2C::NTF_ITEM_INSTANCE_LIST)
10000111010000011110000111001
Flags | Normal:1 | Ping:0 | Encrypted:1 | Compressed:1 |
bf 10 00 00 f2 0d 00 00 00 01 00 00 00 46 00 3d 00 94 00 e7 
00 13 8d b3 f2 00 00 00 00 0e 8d b3 f2 00 00 00 00 99 2e 9b 
70 00 02 00 00 00 01 00 00 00 00 00 00 e0 00 00 00 00 00 00 
00 fe 00 00 00 00 00 00 00 00 00 00 00 00 00 00 00 00 66 50 
e9 54 00 00 00 00 00 94 00 e7 00 d3 87 b3 f2 00 00 00 00 d1 
87 b3 f2 00 00 00 00 9a 2e 9b 70 00 02 00 00 00 01 00 00 00 
00 00 00 e0 00 00 00 00 00 00 00 fe 00 00 00 00 00 00 00 00 
00 00 00 00 00 00 00 00 96 4d e9 54 00 00 00 00 00 94 00 e7 
00 e0 8f 1d f0 00 00 00 00 15 ce 74 f0 00 00 00 00 0b 56 a6 
70 00 09 00 00 00 01 00 00 00 00 00 00 e0 00 00 00 00 00 00 
00 fe 00 00 00 00 00 00 00 00 00 00 00 00 00 00 00 00 9a a3 
cb 54 00 00 00 00 00 94 00 e7 00 e0 8f 1d f0 00 00 00 00 ad 
87 75 f0 00 00 00 00 09 56 a6 70 00 29 00 00 00 01 00 00 00 
00 00 00 e0 00 00 00 00 00 00 00 fe 00 00 00 00 00 00 00 00 
00 00 00 00 00 00 00 00 1d d1 cb 54 00 00 00 00 00 94 00 e7 
00 13 8d b3 f2 00 00 00 00 0a 8d b3 f2 00 00 00 00 54 6b 9a 
70 00 22 00 00 00 01 00 00 00 00 00 00 e0 00 00 00 00 00 00 
00 fe 00 00 00 00 00 00 00 00 00 00 00 00 00 00 00 00 66 50 
e9 54 00 00 00 00 00 94 00 e7 00 e0 8f 1d f0 00 00 00 00 d8 
8f 1d f0 00 00 00 00 41 6b 9a 70 00 22 00 00 00 01 00 00 00 
00 00 00 e0 00 00 00 00 00 00 00 fe 00 00 00 00 00 00 00 00 
00 00 00 00 00 00 00 00 1d 88 cb 54 00 00 00 00 00 94 00 e7 
00 b2 f8 b9 ee 00 00 00 00 af 44 b3 f2 00 00 00 00 48 6b 9a 
70 00 22 00 00 00 01 00 00 00 02 00 00 e0 70 62 00 00 23 5f 
00 fe 00 00 00 00 00 00 00 00 00 00 00 00 00 00 00 00 98 28 
e9 54 00 00 00 00 00 94 00 e7 00 b2 76 26 0e 01 00 00 00 aa 
76 26 0e 01 00 00 00 49 6b 9a 70 00 22 00 00 00 01 00 00 00 
00 00 00 e0 00 00 00 00 00 00 00 fe 00 00 00 00 00 00 00 00 
00 00 00 00 00 00 00 00 77 71 74 56 00 00 00 00 00 94 00 e7 
00 b2 76 26 0e 01 00 00 00 ab 76 26 0e 01 00 00 00 59 92 9a 
70 00 42 00 00 00 01 00 00 00 00 00 00 e0 00 00 00 00 00 00 
00 fe 00 00 00 00 00 00 00 00 00 00 00 00 00 00 00 00 77 71 
74 56 00 00 00 00 00 94 00 e7 00 b2 f8 b9 ee 00 00 00 00 b0 
44 b3 f2 00 00 00 00 58 92 9a 70 00 42 00 00 00 01 00 00 00 
02 00 00 e0 70 62 00 00 23 5f 00 fe 00 00 00 00 00 00 00 00 
00 00 00 00 00 00 00 00 98 28 e9 54 00 00 00 00 00 94 00 e7 
00 e0 8f 1d f0 00 00 00 00 d9 8f 1d f0 00 00 00 00 51 92 9a 
70 00 42 00 00 00 01 00 00 00 00 00 00 e0 00 00 00 00 00 00 
00 fe 00 00 00 00 00 00 00 00 00 00 00 00 00 00 00 00 1d 88 
cb 54 00 00 00 00 00 94 00 e7 00 e0 8f 1d f0 00 00 00 00 ae 
87 75 f0 00 00 00 00 0a 56 a6 70 00 49 00 00 00 01 00 00 00 
00 00 00 e0 00 00 00 00 00 00 00 fe 00 00 00 00 00 00 00 00 
00 00 00 00 00 00 00 00 1d d1 cb 54 00 00 00 00 00 94 00 e7 
00 d3 87 b3 f2 00 00 00 00 cb 87 b3 f2 00 00 00 00 68 92 9a 
70 00 42 00 00 00 01 00 00 00 00 00 00 e0 00 00 00 00 00 00 
00 fe 00 00 00 00 00 00 00 00 00 00 00 00 00 00 00 00 96 4d 
e9 54 00 00 00 00 00 94 00 e7 00 d3 87 b3 f2 00 00 00 00 cc 
87 b3 f2 00 00 00 00 78 b9 9a 70 00 62 00 00 00 01 00 00 00 
00 00 00 e0 00 00 00 00 00 00 00 fe 00 00 00 00 00 00 00 00 
00 00 00 00 00 00 00 00 96 4d e9 54 00 00 00 00 00 94 00 e7 
00 58 36 a9 f4 00 00 00 00 52 36 a9 f4 00 00 00 00 70 b9 9a 
70 00 62 00 00 00 01 00 00 00 00 00 00 e0 00 00 00 00 00 00 
00 fe 00 00 00 00 00 00 00 00 00 00 00 00 00 00 00 00 3c e9 
0b 55 00 00 00 00 00 94 00 e7 00 e0 8f 1d f0 00 00 00 00 43 
01 76 f0 00 00 00 00 f4 59 a6 70 00 69 00 00 00 01 00 00 00 
00 00 00 e0 00 00 00 00 00 00 00 fe 00 00 00 00 00 00 00 00 
00 00 00 00 00 00 00 00 4b ed cb 54 00 00 00 00 00 94 00 e7 
00 e0 8f 1d f0 00 00 00 00 da 8f 1d f0 00 00 00 00 61 b9 9a 
70 00 62 00 00 00 01 00 00 00 00 00 00 e0 00 00 00 00 00 00 
00 fe 00 00 00 00 00 00 00 00 00 00 00 00 00 00 00 00 1d 88 
cb 54 00 00 00 00 00 94 00 e7 00 b2 f8 b9 ee 00 00 00 00 b1 
44 b3 f2 00 00 00 00 68 b9 9a 70 00 62 00 00 00 01 00 00 00 
02 00 00 e0 70 62 00 00 23 5f 00 fe 00 00 00 00 00 00 00 00 
00 00 00 00 00 00 00 00 98 28 e9 54 00 00 00 00 00 94 00 e7 
00 13 8d b3 f2 00 00 00 00 0c 8d b3 f2 00 00 00 00 74 b9 9a 
70 00 62 00 00 00 01 00 00 00 00 00 00 e0 00 00 00 00 00 00 
00 fe 00 00 00 00 00 00 00 00 00 00 00 00 00 00 00 00 66 50 
e9 54 00 00 00 00 00 94 00 e7 00 b2 76 26 0e 01 00 00 00 ac 
76 26 0e 01 00 00 00 69 b9 9a 70 00 62 00 00 00 01 00 00 00 
00 00 00 e0 00 00 00 00 00 00 00 fe 00 00 00 00 00 00 00 00 
00 00 00 00 00 00 00 00 77 71 74 56 00 00 00 00 00 94 00 e7 
00 b2 76 26 0e 01 00 00 00 ad 76 26 0e 01 00 00 00 79 e0 9a 
70 00 82 00 00 00 01 00 00 00 00 00 00 e0 00 00 00 00 00 00 
00 fe 00 00 00 00 00 00 00 00 00 00 00 00 00 00 00 00 77 71 
74 56 00 00 00 00 00 94 00 e7 00 58 36 a9 f4 00 00 00 00 53 
36 a9 f4 00 00 00 00 80 e0 9a 70 00 82 00 00 00 01 00 00 00 
00 00 00 e0 00 00 00 00 00 00 00 fe 00 00 00 00 00 00 00 00 
00 00 00 00 00 00 00 00 3c e9 0b 55 00 00 00 00 00 94 00 e7 
00 13 8d b3 f2 00 00 00 00 0d 8d b3 f2 00 00 00 00 84 e0 9a 
70 00 82 00 00 00 01 00 00 00 00 00 00 e0 00 00 00 00 00 00 
00 fe 00 00 00 00 00 00 00 00 00 00 00 00 00 00 00 00 66 50 
e9 54 00 00 00 00 00 94 00 e7 00 b2 f8 b9 ee 00 00 00 00 b2 
44 b3 f2 00 00 00 00 78 e0 9a 70 00 82 00 00 00 01 00 00 00 
02 00 00 e0 70 62 00 00 23 5f 00 fe 00 00 00 00 00 00 00 00 
00 00 00 00 00 00 00 00 98 28 e9 54 00 00 00 00 00 94 00 e7 
00 e0 8f 1d f0 00 00 00 00 db 8f 1d f0 00 00 00 00 71 e0 9a 
70 00 82 00 00 00 01 00 00 00 00 00 00 e0 00 00 00 00 00 00 
00 fe 00 00 00 00 00 00 00 00 00 00 00 00 00 00 00 00 1d 88 
cb 54 00 00 00 00 00 94 00 e7 00 e0 8f 1d f0 00 00 00 00 96 
69 76 f0 00 00 00 00 f1 59 a6 70 00 89 00 00 00 01 00 00 00 
00 00 00 e0 00 00 00 00 00 00 00 fe 00 00 00 00 00 00 00 00 
00 00 00 00 00 00 00 00 2d 09 cc 54 00 00 00 00 00 94 00 e7 
00 b2 f8 b9 ee 00 00 00 00 ae 09 77 f0 00 00 00 00 0b 56 a6 
70 00 a9 00 00 00 01 00 00 00 00 00 00 e0 00 00 00 00 00 00 
00 fe 00 00 00 00 00 00 00 00 00 00 00 00 00 00 00 00 20 3b 
cc 54 00 00 00 00 00 94 00 e7 00 b2 f8 b9 ee 00 00 00 00 8c 
93 78 f0 00 00 00 00 09 56 a6 70 00 c9 00 00 00 01 00 00 00 
00 00 00 e0 00 00 00 00 00 00 00 fe 00 00 00 00 00 00 00 00 
00 00 00 00 00 00 00 00 d0 d2 cc 54 00 00 00 00 00 94 00 e7 
00 00 00 00 00 00 00 00 00 1f 1e d5 ee 00 00 00 00 f1 dc a5 
70 00 c6 00 00 00 61 00 00 00 03 00 00 e0 00 00 00 00 00 00 
00 fe 00 00 00 00 00 00 00 00 00 00 00 00 00 00 00 00 7a ab 
b6 54 00 00 00 00 00 94 00 e7 00 00 00 00 00 00 00 00 00 20 
1e d5 ee 00 00 00 00 02 04 a6 70 00 e6 00 00 00 05 00 00 00 
03 00 00 e0 00 00 00 00 00 00 00 fe 00 00 00 00 00 00 00 00 
00 00 00 00 00 00 00 00 7a ab b6 54 00 00 00 00 00 94 00 e7 
00 b2 f8 b9 ee 00 00 00 00 8d 93 78 f0 00 00 00 00 0a 56 a6 
70 00 e9 00 00 00 01 00 00 00 00 00 00 e0 00 00 00 00 00 00 
00 fe 00 00 00 00 00 00 00 00 00 00 00 00 00 00 00 00 d0 d2 
cc 54 00 00 00 00 00 94 00 e7 00 b2 f8 b9 ee 00 00 00 00 03 
a6 e1 f2 00 00 00 00 10 5a a6 70 00 09 01 00 00 01 00 00 00 
00 00 00 e0 00 00 00 00 00 00 00 fe 00 00 00 00 00 00 00 00 
00 00 00 00 00 00 00 00 25 2a e9 54 00 00 00 00 00 94 00 e7 
00 b2 f8 b9 ee 00 00 00 00 26 d9 e1 f2 00 00 00 00 0f 5a a6 
70 00 29 01 00 00 01 00 00 00 00 00 00 e0 00 00 00 00 00 00 
00 fe 00 00 00 00 00 00 00 00 00 00 00 00 00 00 00 00 8b 39 
e9 54 00 00 00 00 00 94 00 e7 00 b2 f8 b9 ee 00 00 00 00 75 
ff f3 fd 00 00 00 00 11 5a a6 70 00 49 01 00 00 01 00 00 00 
00 00 00 e0 00 00 00 00 00 00 00 fe 00 00 00 00 00 00 00 00 
00 00 00 00 00 00 00 00 86 ef 76 55 00 00 00 00 00 94 00 e7 
00 b2 76 26 0e 01 00 00 00 63 8f f5 11 01 00 00 00 0b 56 a6 
70 00 69 01 00 00 01 00 00 00 00 00 00 e0 00 00 00 00 00 00 
00 fe 00 00 00 00 00 00 00 00 00 00 00 00 00 00 00 00 16 4a 
b3 56 00 00 00 00 00 94 00 e7 00 b2 76 26 0e 01 00 00 00 24 
ab 71 12 01 00 00 00 09 56 a6 70 00 89 01 00 00 01 00 00 00 
00 00 00 e0 00 00 00 00 00 00 00 fe 00 00 00 00 00 00 00 00 
00 00 00 00 00 00 00 00 5b 31 b7 56 00 00 00 00 00 94 00 e7 
00 b2 76 26 0e 01 00 00 00 25 ab 71 12 01 00 00 00 0a 56 a6 
70 00 a9 01 00 00 01 00 00 00 00 00 00 e0 00 00 00 00 00 00 
00 fe 00 00 00 00 00 00 00 00 00 00 00 00 00 00 00 00 5b 31 
b7 56 00 00 00 00 00 94 00 e7 00 13 8d b3 f2 00 00 00 00 93 
bf 71 12 01 00 00 00 0b 56 a6 70 00 c9 01 00 00 01 00 00 00 
00 00 00 e0 00 00 00 00 00 00 00 fe 00 00 00 00 00 00 00 00 
00 00 00 00 00 00 00 00 05 3f b7 56 00 00 00 00 00 94 00 e7 
00 58 36 a9 f4 00 00 00 00 54 36 a9 f4 00 00 00 00 32 97 a1 
70 00 62 02 00 00 01 00 00 00 00 00 00 e0 00 00 00 00 00 00 
00 fe 00 00 00 00 00 00 00 00 00 00 00 00 00 00 00 00 3c e9 
0b 55 00 00 00 00 00 94 00 e7 00 b2 76 26 0e 01 00 00 00 ae 
76 26 0e 01 00 00 00 d1 ac a0 70 00 62 02 00 00 01 00 00 00 
00 00 00 e0 00 00 00 00 00 00 00 fe 00 00 00 00 00 00 00 00 
00 00 00 00 00 00 00 00 77 71 74 56 00 00 00 00 00 94 00 e7 
00 b2 f8 b9 ee 00 00 00 00 ae f8 b9 ee 00 00 00 00 b1 5e a0 
70 00 62 02 00 00 01 00 00 00 00 00 00 e0 00 00 00 00 00 00 
00 fe 00 00 00 00 00 00 00 00 00 00 00 00 00 00 00 00 c0 ab 
b6 54 00 00 00 00 00 94 00 e7 00 d3 87 b3 f2 00 00 00 00 ce 
87 b3 f2 00 00 00 00 91 10 a0 70 00 62 02 00 00 01 00 00 00 
00 00 00 e0 00 00 00 00 00 00 00 fe 00 00 00 00 00 00 00 00 
00 00 00 00 00 00 00 00 96 4d e9 54 00 00 00 00 00 94 00 e7 
00 e0 8f 1d f0 00 00 00 00 dc 8f 1d f0 00 00 00 00 a1 37 a0 
70 00 62 02 00 00 01 00 00 00 00 00 00 e0 00 00 00 00 00 00 
00 fe 00 00 00 00 00 00 00 00 00 00 00 00 00 00 00 00 1d 88 
cb 54 00 00 00 00 00 94 00 e7 00 13 8d b3 f2 00 00 00 00 0f 
8d b3 f2 00 00 00 00 12 49 a1 70 00 62 02 00 00 01 00 00 00 
00 00 00 e0 00 00 00 00 00 00 00 fe 00 00 00 00 00 00 00 00 
00 00 00 00 00 00 00 00 66 50 e9 54 00 00 00 00 00 94 00 e7 
00 13 8d b3 f2 00 00 00 00 10 8d b3 f2 00 00 00 00 11 d8 9e 
70 00 82 02 00 00 01 00 00 00 00 00 00 e0 00 00 00 00 00 00 
00 fe 00 00 00 00 00 00 00 00 00 00 00 00 00 00 00 00 66 50 
e9 54 00 00 00 00 00 94 00 e7 00 e0 8f 1d f0 00 00 00 00 dd 
8f 1d f0 00 00 00 00 21 ff 9e 70 00 82 02 00 00 01 00 00 00 
00 00 00 e0 00 00 00 00 00 00 00 fe 00 00 00 00 00 00 00 00 
00 00 00 00 00 00 00 00 1d 88 cb 54 00 00 00 00 00 94 00 e7 
00 d3 87 b3 f2 00 00 00 00 cf 87 b3 f2 00 00 00 00 71 c2 9f 
70 00 82 02 00 00 01 00 00 00 00 00 00 e0 00 00 00 00 00 00 
00 fe 00 00 00 00 00 00 00 00 00 00 00 00 00 00 00 00 96 4d 
e9 54 00 00 00 00 00 94 00 e7 00 b2 f8 b9 ee 00 00 00 00 af 
f8 b9 ee 00 00 00 00 31 26 9f 70 00 82 02 00 00 01 00 00 00 
00 00 00 e0 00 00 00 00 00 00 00 fe 00 00 00 00 00 00 00 00 
00 00 00 00 00 00 00 00 c0 ab b6 54 00 00 00 00 00 94 00 e7 
00 58 36 a9 f4 00 00 00 00 55 36 a9 f4 00 00 00 00 21 ff 9e 
70 00 82 02 00 00 01 00 00 00 00 00 00 e0 00 00 00 00 00 00 
00 fe 00 00 00 00 00 00 00 00 00 00 00 00 00 00 00 00 3c e9 
0b 55 00 00 00 00 00 94 00 e7 00 b2 76 26 0e 01 00 00 00 b0 
76 26 0e 01 00 00 00 51 74 9f 70 00 82 02 00 00 01 00 00 00 
00 00 00 e0 00 00 00 00 00 00 00 fe 00 00 00 00 00 00 00 00 
00 00 00 00 00 00 00 00 77 71 74 56 00 00 00 00 00 94 00 e7 
00 58 36 a9 f4 00 00 00 00 56 36 a9 f4 00 00 00 00 02 b1 9e 
70 00 a2 02 00 00 01 00 00 00 00 00 00 e0 00 00 00 00 00 00 
00 fe 00 00 00 00 00 00 00 00 00 00 00 00 00 00 00 00 3c e9 
0b 55 00 00 00 00 00 94 00 e7 00 b2 76 26 0e 01 00 00 00 af 
76 26 0e 01 00 00 00 61 9b 9f 70 00 a2 02 00 00 01 00 00 00 
00 00 00 e0 00 00 00 00 00 00 00 fe 00 00 00 00 00 00 00 00 
00 00 00 00 00 00 00 00 77 71 74 56 00 00 00 00 00 94 00 e7 
00 b2 f8 b9 ee 00 00 00 00 b0 f8 b9 ee 00 00 00 00 81 e9 9f 
70 00 a2 02 00 00 01 00 00 00 00 00 00 e0 00 00 00 00 00 00 
00 fe 00 00 00 00 00 00 00 00 00 00 00 00 00 00 00 00 c0 ab 
b6 54 00 00 00 00 00 94 00 e7 00 d3 87 b3 f2 00 00 00 00 d0 
87 b3 f2 00 00 00 00 f1 fa a0 70 00 a2 02 00 00 01 00 00 00 
00 00 00 e0 00 00 00 00 00 00 00 fe 00 00 00 00 00 00 00 00 
00 00 00 00 00 00 00 00 96 4d e9 54 00 00 00 00 00 94 00 e7 
00 e0 8f 1d f0 00 00 00 00 de 8f 1d f0 00 00 00 00 41 4d 9f 
70 00 a2 02 00 00 01 00 00 00 00 00 00 e0 00 00 00 00 00 00 
00 fe 00 00 00 00 00 00 00 00 00 00 00 00 00 00 00 00 1d 88 
cb 54 00 00 00 00 00 94 00 e7 00 13 8d b3 f2 00 00 00 00 11 
8d b3 f2 00 00 00 00 41 be a1 70 00 a2 02 00 00 01 00 00 00 
00 00 00 e0 00 00 00 00 00 00 00 fe 00 00 00 00 00 00 00 00 
00 00 00 00 00 00 00 00 66 50 e9 54 00 00 00 00 00 94 00 e7 
00 e0 8f 1d f0 00 00 00 00 a5 e7 e2 f4 00 00 00 00 b0 f2 a4 
70 00 42 03 00 00 01 00 00 00 00 00 00 e0 00 00 00 00 00 00 
00 fe 00 00 00 00 00 00 00 00 00 00 00 00 00 00 00 00 b1 cc 
08 55 00 00 00 00 00 94 00 e7 00 b2 f8 b9 ee 00 00 00 00 99 
d3 b1 fb 00 00 00 00 b1 f2 a4 70 00 42 03 00 00 01 00 00 00 
00 00 00 e0 00 00 00 00 00 00 00 fe 00 00 00 00 00 00 00 00 
00 00 00 00 00 00 00 00 c6 07 74 55 00 00 00 00 00 94 00 e7 
00 b2 f8 b9 ee 00 00 00 00 6b d3 b1 fb 00 00 00 00 b1 f2 a4 
70 00 62 03 00 00 01 00 00 00 00 00 00 e0 00 00 00 00 00 00 
00 fe 00 00 00 00 00 00 00 00 00 00 00 00 00 00 00 00 a5 07 
74 55 00 00 00 00 00 94 00 e7 00 e0 8f 1d f0 00 00 00 00 bc 
e7 e2 f4 00 00 00 00 b0 f2 a4 70 00 62 03 00 00 01 00 00 00 
00 00 00 e0 00 00 00 00 00 00 00 fe 00 00 00 00 00 00 00 00 
00 00 00 00 00 00 00 00 be cc 08 55 00 00 00 00 00 94 00 e7 
00 b2 f8 b9 ee 00 00 00 00 f5 5b 9c fe 00 00 00 00 b1 f2 a4 
70 00 82 03 00 00 01 00 00 00 00 00 00 e0 00 00 00 00 00 00 
00 fe 00 00 00 00 00 00 00 00 00 00 00 00 00 00 00 00 0a 5e 
78 55 00 00 00 00 00
............F.=........................p.....................................fP.T............................p......................................M.T...................t.....V.p.	......................................T...................u.....	V.p.)......................................T.................
.......Tk.p."...................................fP.T.........................Ak.p."......................................T..................D......Hk.p."...........pb..#_...................(.T..........v&......v&.....Ik.p."...................................wqtV..........v&......v&.....Y..p.B...................................wqtV..................D......X..p.B...........pb..#_...................(.T.........................Q..p.B......................................T...................u.....
V.p.I......................................T.........................h..p.B....................................M.T.........................x..p.b....................................M.T.........X6......R6......p..p.b...................................<.U.................C.v......Y.p.i...................................K..T.........................a..p.b......................................T..................D......h..p.b...........pb..#_...................(.T........................t..p.b...................................fP.T..........v&......v&.....i..p.b...................................wqtV..........v&......v&.....y..p.....................................wqtV.........X6......S6.........p.....................................<.U...........................p.....................................fP.T..................D......x..p.............pb..#_...................(.T.........................q..p........................................T..................iv......Y.p.....................................-	.T..................	w.....V.p..................................... ;.T...................x.....	V.p........................................T............................p.....a...............................z..T................. ..........p.....................................z..T...................x.....
V.p........................................T..........................Z.p.	...................................%*.T.................&........Z.p.)....................................9.T.................u........Z.p.I.....................................vU..........v&.....c.......V.p.i....................................J.V..........v&.....$.q.....	V.p.....................................[1.V..........v&.....%.q.....
V.p.....................................[1.V...................q.....V.p......................................?.V.........X6......T6......2..p.b...................................<.U..........v&......v&........p.b...................................wqtV..........................^.p.b......................................T............................p.b....................................M.T..........................7.p.b......................................T..........................I.p.b...................................fP.T............................p.....................................fP.T.........................!..p........................................T.........................q..p......................................M.T.........................1&.p........................................T.........X6......U6......!..p.....................................<.U..........v&......v&.....Qt.p.....................................wqtV.........X6......V6.........p.....................................<.U..........v&......v&.....a..p.....................................wqtV............................p........................................T............................p......................................M.T.........................AM.p........................................T.........................A..p.....................................fP.T............................p.B......................................U............................p.B.....................................tU.................k..........p.b.....................................tU............................p.b......................................U..................[.........p.....................................
^xU.....


SData | S:1 | L:885
Hdata | Size:885 | PID: df2(UF2C::NTF_ITEM_INSTANCE_LIST)
10000111010000011110000111001
Flags | Normal:1 | Ping:0 | Encrypted:1 | Compressed:1 |
bf 10 00 00 f2 0d 00 00 00 01 00 00 00 46 00 3d 00 94 00 e7 
00 13 8d b3 f2 00 00 00 00 0e 8d b3 f2 00 00 00 00 99 2e 9b 
70 00 02 00 00 00 01 00 00 00 00 00 00 00 00 00 00 f0 00 00 
00 fe 00 00 00 00 00 00 00 00 00 00 00 00 00 00 00 00 66 50 
e9 54 00 00 00 00 00 94 00 e7 00 d3 87 b3 f2 00 00 00 00 d1 
87 b3 f2 00 00 00 00 9a 2e 9b 70 00 02 00 00 00 01 00 00 00 
00 00 00 00 00 00 00 f0 00 00 00 fe 00 00 00 00 00 00 00 00 
00 00 00 00 00 00 00 00 96 4d e9 54 00 00 00 00 00 94 00 e7 
00 e0 8f 1d f0 00 00 00 00 15 ce 74 f0 00 00 00 00 0b 56 a6 
70 00 09 00 00 00 01 00 00 00 00 00 00 00 00 00 00 f0 00 00 
00 fe 00 00 00 00 00 00 00 00 00 00 00 00 00 00 00 00 9a a3 
cb 54 00 00 00 00 00 94 00 e7 00 e0 8f 1d f0 00 00 00 00 ad 
87 75 f0 00 00 00 00 09 56 a6 70 00 29 00 00 00 01 00 00 00 
00 00 00 00 00 00 00 f0 00 00 00 fe 00 00 00 00 00 00 00 00 
00 00 00 00 00 00 00 00 1d d1 cb 54 00 00 00 00 00 94 00 e7 
00 13 8d b3 f2 00 00 00 00 0a 8d b3 f2 00 00 00 00 54 6b 9a 
70 00 22 00 00 00 01 00 00 00 00 00 00 00 00 00 00 f0 00 00 
00 fe 00 00 00 00 00 00 00 00 00 00 00 00 00 00 00 00 66 50 
e9 54 00 00 00 00 00 94 00 e7 00 e0 8f 1d f0 00 00 00 00 d8 
8f 1d f0 00 00 00 00 41 6b 9a 70 00 22 00 00 00 01 00 00 00 
00 00 00 00 00 00 00 f0 00 00 00 fe 00 00 00 00 00 00 00 00 
00 00 00 00 00 00 00 00 1d 88 cb 54 00 00 00 00 00 94 00 e7 
00 b2 f8 b9 ee 00 00 00 00 af 44 b3 f2 00 00 00 00 48 6b 9a 
70 00 22 00 00 00 01 00 00 00 02 00 00 00 70 62 00 f0 23 5f 
00 fe 00 00 00 00 00 00 00 00 00 00 00 00 00 00 00 00 98 28 
e9 54 00 00 00 00 00 94 00 e7 00 b2 76 26 0e 01 00 00 00 aa 
76 26 0e 01 00 00 00 49 6b 9a 70 00 22 00 00 00 01 00 00 00 
00 00 00 00 00 00 00 f0 00 00 00 fe 00 00 00 00 00 00 00 00 
00 00 00 00 00 00 00 00 77 71 74 56 00 00 00 00 00 94 00 e7 
00 b2 76 26 0e 01 00 00 00 ab 76 26 0e 01 00 00 00 59 92 9a 
70 00 42 00 00 00 01 00 00 00 00 00 00 00 00 00 00 f0 00 00 
00 fe 00 00 00 00 00 00 00 00 00 00 00 00 00 00 00 00 77 71 
74 56 00 00 00 00 00 94 00 e7 00 b2 f8 b9 ee 00 00 00 00 b0 
44 b3 f2 00 00 00 00 58 92 9a 70 00 42 00 00 00 01 00 00 00 
02 00 00 00 70 62 00 f0 23 5f 00 fe 00 00 00 00 00 00 00 00 
00 00 00 00 00 00 00 00 98 28 e9 54 00 00 00 00 00 94 00 e7 
00 e0 8f 1d f0 00 00 00 00 d9 8f 1d f0 00 00 00 00 51 92 9a 
70 00 42 00 00 00 01 00 00 00 00 00 00 00 00 00 00 f0 00 00 
00 fe 00 00 00 00 00 00 00 00 00 00 00 00 00 00 00 00 1d 88 
cb 54 00 00 00 00 00 94 00 e7 00 e0 8f 1d f0 00 00 00 00 ae 
87 75 f0 00 00 00 00 0a 56 a6 70 00 49 00 00 00 01 00 00 00 
00 00 00 00 00 00 00 f0 00 00 00 fe 00 00 00 00 00 00 00 00 
00 00 00 00 00 00 00 00 1d d1 cb 54 00 00 00 00 00 94 00 e7 
00 d3 87 b3 f2 00 00 00 00 cb 87 b3 f2 00 00 00 00 68 92 9a 
70 00 42 00 00 00 01 00 00 00 00 00 00 00 00 00 00 f0 00 00 
00 fe 00 00 00 00 00 00 00 00 00 00 00 00 00 00 00 00 96 4d 
e9 54 00 00 00 00 00 94 00 e7 00 d3 87 b3 f2 00 00 00 00 cc 
87 b3 f2 00 00 00 00 78 b9 9a 70 00 62 00 00 00 01 00 00 00 
00 00 00 00 00 00 00 f0 00 00 00 fe 00 00 00 00 00 00 00 00 
00 00 00 00 00 00 00 00 96 4d e9 54 00 00 00 00 00 94 00 e7 
00 58 36 a9 f4 00 00 00 00 52 36 a9 f4 00 00 00 00 70 b9 9a 
70 00 62 00 00 00 01 00 00 00 00 00 00 00 00 00 00 f0 00 00 
00 fe 00 00 00 00 00 00 00 00 00 00 00 00 00 00 00 00 3c e9 
0b 55 00 00 00 00 00 94 00 e7 00 e0 8f 1d f0 00 00 00 00 43 
01 76 f0 00 00 00 00 f4 59 a6 70 00 69 00 00 00 01 00 00 00 
00 00 00 00 00 00 00 f0 00 00 00 fe 00 00 00 00 00 00 00 00 
00 00 00 00 00 00 00 00 4b ed cb 54 00 00 00 00 00 94 00 e7 
00 e0 8f 1d f0 00 00 00 00 da 8f 1d f0 00 00 00 00 61 b9 9a 
70 00 62 00 00 00 01 00 00 00 00 00 00 00 00 00 00 f0 00 00 
00 fe 00 00 00 00 00 00 00 00 00 00 00 00 00 00 00 00 1d 88 
cb 54 00 00 00 00 00 94 00 e7 00 b2 f8 b9 ee 00 00 00 00 b1 
44 b3 f2 00 00 00 00 68 b9 9a 70 00 62 00 00 00 01 00 00 00 
02 00 00 00 70 62 00 f0 23 5f 00 fe 00 00 00 00 00 00 00 00 
00 00 00 00 00 00 00 00 98 28 e9 54 00 00 00 00 00 94 00 e7 
00 13 8d b3 f2 00 00 00 00 0c 8d b3 f2 00 00 00 00 74 b9 9a 
70 00 62 00 00 00 01 00 00 00 00 00 00 00 00 00 00 f0 00 00 
00 fe 00 00 00 00 00 00 00 00 00 00 00 00 00 00 00 00 66 50 
e9 54 00 00 00 00 00 94 00 e7 00 b2 76 26 0e 01 00 00 00 ac 
76 26 0e 01 00 00 00 69 b9 9a 70 00 62 00 00 00 01 00 00 00 
00 00 00 00 00 00 00 f0 00 00 00 fe 00 00 00 00 00 00 00 00 
00 00 00 00 00 00 00 00 77 71 74 56 00 00 00 00 00 94 00 e7 
00 b2 76 26 0e 01 00 00 00 ad 76 26 0e 01 00 00 00 79 e0 9a 
70 00 82 00 00 00 01 00 00 00 00 00 00 00 00 00 00 f0 00 00 
00 fe 00 00 00 00 00 00 00 00 00 00 00 00 00 00 00 00 77 71 
74 56 00 00 00 00 00 94 00 e7 00 58 36 a9 f4 00 00 00 00 53 
36 a9 f4 00 00 00 00 80 e0 9a 70 00 82 00 00 00 01 00 00 00 
00 00 00 00 00 00 00 f0 00 00 00 fe 00 00 00 00 00 00 00 00 
00 00 00 00 00 00 00 00 3c e9 0b 55 00 00 00 00 00 94 00 e7 
00 13 8d b3 f2 00 00 00 00 0d 8d b3 f2 00 00 00 00 84 e0 9a 
70 00 82 00 00 00 01 00 00 00 00 00 00 00 00 00 00 f0 00 00 
00 fe 00 00 00 00 00 00 00 00 00 00 00 00 00 00 00 00 66 50 
e9 54 00 00 00 00 00 94 00 e7 00 b2 f8 b9 ee 00 00 00 00 b2 
44 b3 f2 00 00 00 00 78 e0 9a 70 00 82 00 00 00 01 00 00 00 
02 00 00 00 70 62 00 f0 23 5f 00 fe 00 00 00 00 00 00 00 00 
00 00 00 00 00 00 00 00 98 28 e9 54 00 00 00 00 00 94 00 e7 
00 e0 8f 1d f0 00 00 00 00 db 8f 1d f0 00 00 00 00 71 e0 9a 
70 00 82 00 00 00 01 00 00 00 00 00 00 00 00 00 00 f0 00 00 
00 fe 00 00 00 00 00 00 00 00 00 00 00 00 00 00 00 00 1d 88 
cb 54 00 00 00 00 00 94 00 e7 00 e0 8f 1d f0 00 00 00 00 96 
69 76 f0 00 00 00 00 f1 59 a6 70 00 89 00 00 00 01 00 00 00 
00 00 00 00 00 00 00 f0 00 00 00 fe 00 00 00 00 00 00 00 00 
00 00 00 00 00 00 00 00 2d 09 cc 54 00 00 00 00 00 94 00 e7 
00 b2 f8 b9 ee 00 00 00 00 ae 09 77 f0 00 00 00 00 0b 56 a6 
70 00 a9 00 00 00 01 00 00 00 00 00 00 00 00 00 00 f0 00 00 
00 fe 00 00 00 00 00 00 00 00 00 00 00 00 00 00 00 00 20 3b 
cc 54 00 00 00 00 00 94 00 e7 00 b2 f8 b9 ee 00 00 00 00 8c 
93 78 f0 00 00 00 00 09 56 a6 70 00 c9 00 00 00 01 00 00 00 
00 00 00 00 00 00 00 f0 00 00 00 fe 00 00 00 00 00 00 00 00 
00 00 00 00 00 00 00 00 d0 d2 cc 54 00 00 00 00 00 94 00 e7 
00 00 00 00 00 00 00 00 00 1f 1e d5 ee 00 00 00 00 f1 dc a5 
70 00 c6 00 00 00 61 00 00 00 03 00 00 00 00 00 00 f0 00 00 
00 fe 00 00 00 00 00 00 00 00 00 00 00 00 00 00 00 00 7a ab 
b6 54 00 00 00 00 00 94 00 e7 00 00 00 00 00 00 00 00 00 20 
1e d5 ee 00 00 00 00 02 04 a6 70 00 e6 00 00 00 05 00 00 00 
03 00 00 00 00 00 00 f0 00 00 00 fe 00 00 00 00 00 00 00 00 
00 00 00 00 00 00 00 00 7a ab b6 54 00 00 00 00 00 94 00 e7 
00 b2 f8 b9 ee 00 00 00 00 8d 93 78 f0 00 00 00 00 0a 56 a6 
70 00 e9 00 00 00 01 00 00 00 00 00 00 00 00 00 00 f0 00 00 
00 fe 00 00 00 00 00 00 00 00 00 00 00 00 00 00 00 00 d0 d2 
cc 54 00 00 00 00 00 94 00 e7 00 b2 f8 b9 ee 00 00 00 00 03 
a6 e1 f2 00 00 00 00 10 5a a6 70 00 09 01 00 00 01 00 00 00 
00 00 00 00 00 00 00 f0 00 00 00 fe 00 00 00 00 00 00 00 00 
00 00 00 00 00 00 00 00 25 2a e9 54 00 00 00 00 00 94 00 e7 
00 b2 f8 b9 ee 00 00 00 00 26 d9 e1 f2 00 00 00 00 0f 5a a6 
70 00 29 01 00 00 01 00 00 00 00 00 00 00 00 00 00 f0 00 00 
00 fe 00 00 00 00 00 00 00 00 00 00 00 00 00 00 00 00 8b 39 
e9 54 00 00 00 00 00 94 00 e7 00 b2 f8 b9 ee 00 00 00 00 75 
ff f3 fd 00 00 00 00 11 5a a6 70 00 49 01 00 00 01 00 00 00 
00 00 00 00 00 00 00 f0 00 00 00 fe 00 00 00 00 00 00 00 00 
00 00 00 00 00 00 00 00 86 ef 76 55 00 00 00 00 00 94 00 e7 
00 b2 76 26 0e 01 00 00 00 63 8f f5 11 01 00 00 00 0b 56 a6 
70 00 69 01 00 00 01 00 00 00 00 00 00 00 00 00 00 f0 00 00 
00 fe 00 00 00 00 00 00 00 00 00 00 00 00 00 00 00 00 16 4a 
b3 56 00 00 00 00 00 94 00 e7 00 b2 76 26 0e 01 00 00 00 24 
ab 71 12 01 00 00 00 09 56 a6 70 00 89 01 00 00 01 00 00 00 
00 00 00 00 00 00 00 f0 00 00 00 fe 00 00 00 00 00 00 00 00 
00 00 00 00 00 00 00 00 5b 31 b7 56 00 00 00 00 00 94 00 e7 
00 b2 76 26 0e 01 00 00 00 25 ab 71 12 01 00 00 00 0a 56 a6 
70 00 a9 01 00 00 01 00 00 00 00 00 00 00 00 00 00 f0 00 00 
00 fe 00 00 00 00 00 00 00 00 00 00 00 00 00 00 00 00 5b 31 
b7 56 00 00 00 00 00 94 00 e7 00 13 8d b3 f2 00 00 00 00 93 
bf 71 12 01 00 00 00 0b 56 a6 70 00 c9 01 00 00 01 00 00 00 
00 00 00 00 00 00 00 f0 00 00 00 fe 00 00 00 00 00 00 00 00 
00 00 00 00 00 00 00 00 05 3f b7 56 00 00 00 00 00 94 00 e7 
00 58 36 a9 f4 00 00 00 00 54 36 a9 f4 00 00 00 00 32 97 a1 
70 00 62 02 00 00 01 00 00 00 00 00 00 00 00 00 00 f0 00 00 
00 fe 00 00 00 00 00 00 00 00 00 00 00 00 00 00 00 00 3c e9 
0b 55 00 00 00 00 00 94 00 e7 00 b2 76 26 0e 01 00 00 00 ae 
76 26 0e 01 00 00 00 d1 ac a0 70 00 62 02 00 00 01 00 00 00 
00 00 00 00 00 00 00 f0 00 00 00 fe 00 00 00 00 00 00 00 00 
00 00 00 00 00 00 00 00 77 71 74 56 00 00 00 00 00 94 00 e7 
00 b2 f8 b9 ee 00 00 00 00 ae f8 b9 ee 00 00 00 00 b1 5e a0 
70 00 62 02 00 00 01 00 00 00 00 00 00 00 00 00 00 f0 00 00 
00 fe 00 00 00 00 00 00 00 00 00 00 00 00 00 00 00 00 c0 ab 
b6 54 00 00 00 00 00 94 00 e7 00 d3 87 b3 f2 00 00 00 00 ce 
87 b3 f2 00 00 00 00 91 10 a0 70 00 62 02 00 00 01 00 00 00 
00 00 00 00 00 00 00 f0 00 00 00 fe 00 00 00 00 00 00 00 00 
00 00 00 00 00 00 00 00 96 4d e9 54 00 00 00 00 00 94 00 e7 
00 e0 8f 1d f0 00 00 00 00 dc 8f 1d f0 00 00 00 00 a1 37 a0 
70 00 62 02 00 00 01 00 00 00 00 00 00 00 00 00 00 f0 00 00 
00 fe 00 00 00 00 00 00 00 00 00 00 00 00 00 00 00 00 1d 88 
cb 54 00 00 00 00 00 94 00 e7 00 13 8d b3 f2 00 00 00 00 0f 
8d b3 f2 00 00 00 00 12 49 a1 70 00 62 02 00 00 01 00 00 00 
00 00 00 00 00 00 00 f0 00 00 00 fe 00 00 00 00 00 00 00 00 
00 00 00 00 00 00 00 00 66 50 e9 54 00 00 00 00 00 94 00 e7 
00 13 8d b3 f2 00 00 00 00 10 8d b3 f2 00 00 00 00 11 d8 9e 
70 00 82 02 00 00 01 00 00 00 00 00 00 00 00 00 00 f0 00 00 
00 fe 00 00 00 00 00 00 00 00 00 00 00 00 00 00 00 00 66 50 
e9 54 00 00 00 00 00 94 00 e7 00 e0 8f 1d f0 00 00 00 00 dd 
8f 1d f0 00 00 00 00 21 ff 9e 70 00 82 02 00 00 01 00 00 00 
00 00 00 00 00 00 00 f0 00 00 00 fe 00 00 00 00 00 00 00 00 
00 00 00 00 00 00 00 00 1d 88 cb 54 00 00 00 00 00 94 00 e7 
00 d3 87 b3 f2 00 00 00 00 cf 87 b3 f2 00 00 00 00 71 c2 9f 
70 00 82 02 00 00 01 00 00 00 00 00 00 00 00 00 00 f0 00 00 
00 fe 00 00 00 00 00 00 00 00 00 00 00 00 00 00 00 00 96 4d 
e9 54 00 00 00 00 00 94 00 e7 00 b2 f8 b9 ee 00 00 00 00 af 
f8 b9 ee 00 00 00 00 31 26 9f 70 00 82 02 00 00 01 00 00 00 
00 00 00 00 00 00 00 f0 00 00 00 fe 00 00 00 00 00 00 00 00 
00 00 00 00 00 00 00 00 c0 ab b6 54 00 00 00 00 00 94 00 e7 
00 58 36 a9 f4 00 00 00 00 55 36 a9 f4 00 00 00 00 21 ff 9e 
70 00 82 02 00 00 01 00 00 00 00 00 00 00 00 00 00 f0 00 00 
00 fe 00 00 00 00 00 00 00 00 00 00 00 00 00 00 00 00 3c e9 
0b 55 00 00 00 00 00 94 00 e7 00 b2 76 26 0e 01 00 00 00 b0 
76 26 0e 01 00 00 00 51 74 9f 70 00 82 02 00 00 01 00 00 00 
00 00 00 00 00 00 00 f0 00 00 00 fe 00 00 00 00 00 00 00 00 
00 00 00 00 00 00 00 00 77 71 74 56 00 00 00 00 00 94 00 e7 
00 58 36 a9 f4 00 00 00 00 56 36 a9 f4 00 00 00 00 02 b1 9e 
70 00 a2 02 00 00 01 00 00 00 00 00 00 00 00 00 00 f0 00 00 
00 fe 00 00 00 00 00 00 00 00 00 00 00 00 00 00 00 00 3c e9 
0b 55 00 00 00 00 00 94 00 e7 00 b2 76 26 0e 01 00 00 00 af 
76 26 0e 01 00 00 00 61 9b 9f 70 00 a2 02 00 00 01 00 00 00 
00 00 00 00 00 00 00 f0 00 00 00 fe 00 00 00 00 00 00 00 00 
00 00 00 00 00 00 00 00 77 71 74 56 00 00 00 00 00 94 00 e7 
00 b2 f8 b9 ee 00 00 00 00 b0 f8 b9 ee 00 00 00 00 81 e9 9f 
70 00 a2 02 00 00 01 00 00 00 00 00 00 00 00 00 00 f0 00 00 
00 fe 00 00 00 00 00 00 00 00 00 00 00 00 00 00 00 00 c0 ab 
b6 54 00 00 00 00 00 94 00 e7 00 d3 87 b3 f2 00 00 00 00 d0 
87 b3 f2 00 00 00 00 f1 fa a0 70 00 a2 02 00 00 01 00 00 00 
00 00 00 00 00 00 00 f0 00 00 00 fe 00 00 00 00 00 00 00 00 
00 00 00 00 00 00 00 00 96 4d e9 54 00 00 00 00 00 94 00 e7 
00 e0 8f 1d f0 00 00 00 00 de 8f 1d f0 00 00 00 00 41 4d 9f 
70 00 a2 02 00 00 01 00 00 00 00 00 00 00 00 00 00 f0 00 00 
00 fe 00 00 00 00 00 00 00 00 00 00 00 00 00 00 00 00 1d 88 
cb 54 00 00 00 00 00 94 00 e7 00 13 8d b3 f2 00 00 00 00 11 
8d b3 f2 00 00 00 00 41 be a1 70 00 a2 02 00 00 01 00 00 00 
00 00 00 00 00 00 00 f0 00 00 00 fe 00 00 00 00 00 00 00 00 
00 00 00 00 00 00 00 00 66 50 e9 54 00 00 00 00 00 94 00 e7 
00 e0 8f 1d f0 00 00 00 00 a5 e7 e2 f4 00 00 00 00 b0 f2 a4 
70 00 42 03 00 00 01 00 00 00 00 00 00 00 00 00 00 f0 00 00 
00 fe 00 00 00 00 00 00 00 00 00 00 00 00 00 00 00 00 b1 cc 
08 55 00 00 00 00 00 94 00 e7 00 b2 f8 b9 ee 00 00 00 00 99 
d3 b1 fb 00 00 00 00 b1 f2 a4 70 00 42 03 00 00 01 00 00 00 
00 00 00 00 00 00 00 f0 00 00 00 fe 00 00 00 00 00 00 00 00 
00 00 00 00 00 00 00 00 c6 07 74 55 00 00 00 00 00 94 00 e7 
00 b2 f8 b9 ee 00 00 00 00 6b d3 b1 fb 00 00 00 00 b1 f2 a4 
70 00 62 03 00 00 01 00 00 00 00 00 00 00 00 00 00 f0 00 00 
00 fe 00 00 00 00 00 00 00 00 00 00 00 00 00 00 00 00 a5 07 
74 55 00 00 00 00 00 94 00 e7 00 e0 8f 1d f0 00 00 00 00 bc 
e7 e2 f4 00 00 00 00 b0 f2 a4 70 00 62 03 00 00 01 00 00 00 
00 00 00 00 00 00 00 f0 00 00 00 fe 00 00 00 00 00 00 00 00 
00 00 00 00 00 00 00 00 be cc 08 55 00 00 00 00 00 94 00 e7 
00 b2 f8 b9 ee 00 00 00 00 f5 5b 9c fe 00 00 00 00 b1 f2 a4 
70 00 82 03 00 00 01 00 00 00 00 00 00 00 00 00 00 f0 00 00 
00 fe 00 00 00 00 00 00 00 00 00 00 00 00 00 00 00 00 0a 5e 
78 55 00 00 00 00 00
............F.=........................p.....................................fP.T............................p......................................M.T...................t.....V.p.	......................................T...................u.....	V.p.)......................................T.................
.......Tk.p."...................................fP.T.........................Ak.p."......................................T..................D......Hk.p."...........pb..#_...................(.T..........v&......v&.....Ik.p."...................................wqtV..........v&......v&.....Y..p.B...................................wqtV..................D......X..p.B...........pb..#_...................(.T.........................Q..p.B......................................T...................u.....
V.p.I......................................T.........................h..p.B....................................M.T.........................x..p.b....................................M.T.........X6......R6......p..p.b...................................<.U.................C.v......Y.p.i...................................K..T.........................a..p.b......................................T..................D......h..p.b...........pb..#_...................(.T........................t..p.b...................................fP.T..........v&......v&.....i..p.b...................................wqtV..........v&......v&.....y..p.....................................wqtV.........X6......S6.........p.....................................<.U...........................p.....................................fP.T..................D......x..p.............pb..#_...................(.T.........................q..p........................................T..................iv......Y.p.....................................-	.T..................	w.....V.p..................................... ;.T...................x.....	V.p........................................T............................p.....a...............................z..T................. ..........p.....................................z..T...................x.....
V.p........................................T..........................Z.p.	...................................%*.T.................&........Z.p.)....................................9.T.................u........Z.p.I.....................................vU..........v&.....c.......V.p.i....................................J.V..........v&.....$.q.....	V.p.....................................[1.V..........v&.....%.q.....
V.p.....................................[1.V...................q.....V.p......................................?.V.........X6......T6......2..p.b...................................<.U..........v&......v&........p.b...................................wqtV..........................^.p.b......................................T............................p.b....................................M.T..........................7.p.b......................................T..........................I.p.b...................................fP.T............................p.....................................fP.T.........................!..p........................................T.........................q..p......................................M.T.........................1&.p........................................T.........X6......U6......!..p.....................................<.U..........v&......v&.....Qt.p.....................................wqtV.........X6......V6.........p.....................................<.U..........v&......v&.....a..p.....................................wqtV............................p........................................T............................p......................................M.T.........................AM.p........................................T.........................A..p.....................................fP.T............................p.B......................................U............................p.B.....................................tU.................k..........p.b.....................................tU............................p.b......................................U..................[.........p.....................................
^xU.....
